Yale-RSV-0001	RSVA	1	13662810	5812643	5783164	42966	12634	13555	15222
Yale-RSV-0002	RSVA	1	16482305	12120337	12056810	88345	13120	14143	15222
Yale-RSV-0003	RSVA	1	15549232	12010610	11920620	87107	13406	14219	15222
Yale-RSV-0006	RSVA	1	26821566	13616664	13461218	91432	13806	14436	15222
Yale-RSV-0007	RSVA	1	11034414	5177422	5125744	35794	13271	13858	15222
Yale-RSV-0008	RSVA	1	17915598	14360624	14294660	104354	12319	12709	15222
Yale-RSV-0020	RSVA	1	22466752	20499935	20350410	151264	14743	15056	15222
Yale-RSV-0026	RSVA	1	19580315	15370464	15289884	111024	14921	14953	15222
Yale-RSV-0029	RSVA	1	8912440	3771788	3716330	23957	11705	12472	15222
Yale-RSV-0030	RSVA	1	15058408	13422021	13320196	98673	14727	15041	15222
Yale-RSV-0037	RSVA	1	18646420	9088009	9050448	67161	13883	14214	15222
Yale-RSV-0043	RSVA	1	24061257	21286734	21166062	155822	14560	14630	15222
Yale-RSV-0044	RSVA	1	21306715	9269130	9131942	57738	11899	12247	15222
Yale-RSV-0047	RSVA	1	16765999	7024749	6922916	44673	12279	12809	15222
Yale-RSV-0051	RSVA	1	11360972	4674515	4605198	30359	11041	11799	15222
Yale-RSV-0053	RSVA	1	14489891	13178099	13104116	98546	14413	14911	15222
Yale-RSV-0055	RSVA	1	12928227	11005216	10935550	80492	14637	14693	15222
Yale-RSV-0061	RSVA	1	8841967	7213442	7166378	53209	14546	14627	15222
Yale-RSV-0070	RSVA	1	26510144	11633658	11457048	71963	11968	12674	15222
Yale-RSV-0071	RSVA	1	21330540	6331775	6238376	41041	10832	11410	15222
Yale-RSV-0075	RSVA	1	21973912	15384255	15318892	112888	14170	14319	15222
Yale-RSV-0076	RSVA	1	21765263	17604270	17505730	129691	14518	14625	15222
Yale-RSV-0085	RSVA	1	14847144	12924944	12863578	95015	14567	14596	15222
Yale-RSV-0088	RSVA	1	912113	297875	297338	1201	2093	2387	15222
Yale-RSV-0097	RSVA	1	18273282	16783283	16660436	128948	14782	15097	15222
Yale-RSV-0108	RSVA	1	27822943	10835686	10661500	68645	12503	13070	15222
Yale-RSV-0109	RSVA	1	33748381	15118651	14882636	96116	12504	13396	15222
Yale-RSV-0110	RSVA	1	49546041	24002114	23691480	154688	12110	12767	15222
Yale-RSV-0116	RSVA	1	35094956	15725012	15504238	101703	11923	12847	15222
Yale-RSV-0118	RSVA	2	44674781	37825988	37578034	579745	14883	15014	15222
Yale-RSV-0121	RSVA	2	36872165	31462748	31241204	476088	15033	15047	15222
Yale-RSV-0133	RSVA	1	23785221	22199854	22102830	171203	14168	14398	15222
Yale-RSV-0136	RSVA	2	34166900	27406488	27243264	419910	14784	14992	15222
Yale-RSV-0140	RSVA	1	26228862	21314017	21200730	163278	14710	14804	15222
Yale-RSV-0142	RSVA	2	31686618	28629619	28514564	437252	14332	14663	15222
Yale-RSV-0146	RSVA	1	36294623	15725163	15467762	100827	11856	12486	15222
Yale-RSV-0147	RSVA	1	29302211	25509423	25401264	195307	14594	14746	15222
Yale-RSV-0152	RSVA	1	46534137	20782910	20444960	133056	11880	12921	15222
Yale-RSV-0155	RSVA	1	10029164	4552029	4476030	29304	11449	12264	15222
Yale-RSV-0160	RSVA	1	13036859	11980951	11902694	90912	14758	15012	15222
Yale-RSV-0161	RSVA	2	30924961	28242718	28061134	427798	15026	15144	15222
Yale-RSV-0164	RSVA	1	38823801	18502032	18207602	117836	11849	12456	15222
Yale-RSV-0167	RSVA	1	41892219	16793057	16537996	108303	12030	12717	15222
Yale-RSV-0169	RSVA	1	18892516	7961037	7856472	51254	11476	12180	15222
Yale-RSV-0175	RSVA	1	51519204	24253398	23860006	153760	12193	13293	15222
Yale-RSV-0176	RSVA	1	54915205	24273820	23877522	156731	12144	13060	15222
Yale-RSV-0179	RSVA	1	24483601	16101610	16019492	121610	14423	14806	15222
Yale-RSV-0181	RSVA	1	37005472	17237659	17031726	109323	12151	12760	15222
Yale-RSV-0183	RSVA	1	29695265	11872975	11710396	76821	11711	12628	15222
Yale-RSV-0184	RSVA	1	27553242	24765845	24614126	189579	14614	14671	15222
Yale-RSV-0187	RSVA	2	36380414	31013018	30851748	471346	14794	15022	15222
Yale-RSV-0189	RSVA	1	15866789	12292893	12234460	94798	14349	14473	15222
Yale-RSV-0191	RSVA	1	7623900	3807571	3765590	24757	3104	3806	15222
Yale-RSV-0192	RSVA	1	1421980	406663	405964	1678	1818	2147	15222
Yale-RSV-0198	RSVA	1	32680106	8543328	8442776	55884	10999	11777	15222
Yale-RSV-0199	RSVA	1	27589132	12475704	12277320	82986	11695	12270	15222
Yale-RSV-0203	RSVA	1	25125763	6743272	6643658	44040	11333	11693	15222
Yale-RSV-0205	RSVA	1	35633675	15769269	15543680	101294	11899	12244	15222
Yale-RSV-0207	RSVA	1	19034003	8304586	8147306	54642	12040	12434	15222
Yale-RSV-0208	RSVA	2	37931446	28681330	28541590	437428	14602	14644	15222
Yale-RSV-0212	RSVA	1	37259112	16024744	15808584	103548	11800	12532	15222
Yale-RSV-0216	RSVA	2	36288261	29022372	28918960	440496	14913	15034	15222
Yale-RSV-0217	RSVA	1	26741168	10885160	10735378	71733	11403	12094	15222
Yale-RSV-0221	RSVA	1	23618803	21890215	21756578	166825	14637	14964	15222
Yale-RSV-0228	RSVA	2	35521042	29107998	28902472	445005	14769	14952	15222
Yale-RSV-0231	RSVA	1	17828054	15654376	15573124	120930	14635	14933	15222
Yale-RSV-0237	RSVA	1	25289177	18448200	18328470	141577	14468	14951	15222
Yale-RSV-0241	RSVA	1	25191862	11174882	11003258	71623	11560	12089	15222
Yale-RSV-0244	RSVA	2	37514286	28949682	28837088	438319	15008	15036	15222
Yale-RSV-0251	RSVA	1	27825613	24470526	24357290	189719	14702	14869	15222
Yale-RSV-0252	RSVA	1	19273221	16787522	16705792	129311	14348	14966	15222
Yale-RSV-0254	RSVA	2	36165228	32890448	32746702	502723	14666	14800	15222
Yale-RSV-0255	RSVA	1	32307722	12773974	12618704	84848	10982	11629	15222
Yale-RSV-0258	RSVA	1	21586752	14417037	14306414	102877	14774	15018	15222
Yale-RSV-0259	RSVA	1	23813497	19896083	19800064	153363	14555	14958	15222
Yale-RSV-0261	RSVA	1	7338149	2980200	2942502	19801	10832	11385	15222
Yale-RSV-0262	RSVA	2	31804449	28053652	27894762	430852	14716	15074	15222
Yale-RSV-0264	RSVA	1	25246109	11149054	11003084	72293	11744	12529	15222
Yale-RSV-0273	RSVA	1	34204939	15332426	15108944	98769	9081	10727	15222
Yale-RSV-0277	RSVA	2	37439053	33282295	33097320	507221	15071	15111	15222
Yale-RSV-0287	RSVA	1	3031970	1693868	1656928	11120	2564	2963	15222
Yale-RSV-0289	RSVA	1	8339046	2121701	2084388	12135	10572	10878	15222
Yale-RSV-0290	RSVA	1	3407931	320115	319930	1373	1456	2028	15222
Yale-RSV-0292	RSVA	3	44713686	40664905	40494096	904522	14827	14837	15222
Yale-RSV-0294	RSVA	2	31915274	28674736	28548002	433163	14347	14567	15222
Yale-RSV-0297	RSVA	1	17984217	14361843	14305332	104743	13690	13860	15222
Yale-RSV-0299	RSVA	1	35298388	14582745	14355674	91361	11809	12487	15222
Yale-RSV-0307	RSVA	3	47865401	40183030	39956052	895312	14826	15025	15222
Yale-RSV-0310	RSVA	1	55519716	23247503	22916758	147521	11913	12952	15222
Yale-RSV-0311	RSVA	1	19078773	8990757	8954308	65737	13960	14267	15222
Yale-RSV-0313	RSVA	1	46285904	20250054	19913800	126729	12050	12720	15222
Yale-RSV-0314	RSVA	1	29192724	22046837	21920632	165847	14425	14678	15222
Yale-RSV-0317	RSVA	1	47783569	21331023	20982306	133983	12047	12646	15222
Yale-RSV-0327	RSVA	1	27278234	11432217	11253294	72047	11955	12577	15222
Yale-RSV-0329	RSVA	1	33628210	14437838	14212836	91014	11822	12394	15222
Yale-RSV-0330	RSVA	2	30274730	28185059	28023170	414737	14753	15084	15222
Yale-RSV-0336	RSVA	1	21568088	3017247	2974708	17950	9848	10667	15222
Yale-RSV-0339	RSVA	1	53769816	21755612	21401268	134238	12008	12627	15222
Yale-RSV-0342	RSVA	1	29831252	11986358	11795284	75969	11789	12330	15222
Yale-RSV-0345	RSVA	1	41947210	16828703	16565084	105668	12256	12619	15222
Yale-RSV-0346	RSVA	1	26514283	20987531	20885566	155708	14831	15019	15222
Yale-RSV-0347	RSVA	1	16601036	6780335	6682828	42900	11371	12293	15222
Yale-RSV-0352	RSVA	1	22265027	9441618	9298054	58901	11870	12474	15222
Yale-RSV-0354	RSVA	1	16587405	2434874	2409820	15720	12803	13332	15222
Yale-RSV-0355	RSVA	1	50097577	21081876	20745962	134116	11925	12564	15222
Yale-RSV-0361	RSVA	1	29377253	25813197	25696930	190629	14680	14844	15222
Yale-RSV-0363	RSVA	1	44971990	18184895	17889570	115555	12059	12717	15222
Yale-RSV-0365	RSVA	1	41472865	3139915	3125054	21214	11842	12408	15222
Yale-RSV-0367	RSVA	2	46413736	38717427	38554848	577349	14776	14800	15222
Yale-RSV-0369	RSVA	1	23318364	10023134	9880544	63104	11906	12407	15222
Yale-RSV-0373	RSVA	3	45124530	40975924	40812238	906518	14818	14862	15222
Yale-RSV-0377	RSVA	2	70094924	29183212	28677136	364800	12382	12670	15222
Yale-RSV-0381	RSVA	1	22878200	9561378	9445924	59531	11262	12352	15222
Yale-RSV-0385	RSVA	1	5205196	4425095	4408656	31908	5467	5680	15222
Yale-RSV-0388	RSVA	3	50697468	41742546	41553050	971356	11870	13153	15222
Yale-RSV-0395	RSVA	1	19253774	8451550	8412366	65282	8565	9075	15222
Yale-RSV-0397	RSVA	1	34977230	15196149	15126400	115447	8933	9747	15222
Yale-RSV-0419	RSVA	2	36669022	32982968	32809512	510850	12346	13312	15222
Yale-RSV-0421	RSVA	1	25271464	4344928	4328548	33519	9331	9806	15222
Yale-RSV-0428	RSVA	1	29811581	27104108	27009438	210133	10404	11321	15222
Yale-RSV-0438	RSVA	1	22900247	18583026	18525924	143437	10239	11067	15222
Yale-RSV-0441	RSVA	1	21317230	6709611	6683528	50545	7647	8091	15222
Yale-RSV-0442	RSVA	1	13399231	6885099	6864014	53192	8820	9757	15222
Yale-RSV-0451	RSVA	2	34678283	30505900	30382284	469303	11300	11925	15222
Yale-RSV-0461	RSVA	2	43668764	39456736	39258262	608624	11908	12652	15222
Yale-RSV-0462	RSVA	2	45166767	40597396	40377976	623975	12668	13444	15222
Yale-RSV-0464	RSVA	1	31707939	21867259	21786708	168481	10656	12063	15222
Yale-RSV-0467	RSVA	1	18949364	608964	607640	3921	3897	7251	15222
Yale-RSV-0468	RSVA	2	36555510	31632941	31528950	492212	11103	11953	15222
Yale-RSV-0469	RSVA	2	42976354	39925458	39553968	621663	14314	14805	15222
Yale-RSV-0475	RSVA	2	42660895	40685394	40585576	631045	10716	11306	15222
Yale-RSV-0481	RSVA	1	3377563	1468691	1461500	8939	5284	7741	15222
Yale-RSV-0484	RSVA	1	7930954	2137929	2115098	13290	11685	12394	15222
Yale-RSV-0489	RSVA	1	16179143	13729420	13652580	97594	14385	14605	15222
Yale-RSV-0490	RSVA	1	4525393	1776377	1755200	10688	11090	12043	15222
Yale-RSV-0491	RSVA	1	17989002	14506072	14432004	102601	14395	14693	15222
Yale-RSV-0498	RSVA	1	14885650	13076880	12994598	92996	14522	14726	15222
Yale-RSV-0509	RSVA	1	12761912	11462358	11388488	81405	14524	14799	15222
Yale-RSV-0512	RSVA	1	11912436	7780912	7742860	55055	14004	14103	15222
Yale-RSV-0515	RSVA	1	13593172	12112411	12049092	85813	14308	14372	15222
Yale-RSV-0516	RSVA	1	15052643	13410024	13334754	94818	14123	14186	15222
Yale-RSV-0522	RSVA	1	12407746	4880722	4820436	29881	10487	11122	15222
Yale-RSV-0526	RSVA	1	14973571	12450102	12386310	88390	13666	14203	15222
Yale-RSV-0530	RSVA	1	21036323	19205535	19095970	135149	14423	14608	15222
Yale-RSV-0533	RSVA	1	15921213	14536173	14454916	102123	14536	14569	15222
Yale-RSV-0540	RSVA	1	14219583	12956133	12851484	91405	14493	14775	15222
Yale-RSV-0546	RSVA	1	13837999	5537654	5463664	35165	10701	11657	15222
Yale-RSV-0553	RSVA	1	10467782	8331543	8289644	58830	13308	13820	15222
Yale-RSV-0554	RSVA	1	13496871	5368795	5308210	33404	10983	11489	15222
Yale-RSV-0555	RSVA	1	7724005	6291228	6262202	44790	13257	13677	15222
Yale-RSV-0557	RSVA	1	10051622	9249538	9190700	65756	14532	14623	15222
Yale-RSV-0559	RSVA	1	14908926	13053356	12978848	93367	14293	14448	15222
Yale-RSV-0564	RSVA	1	9968474	3026345	2989454	19042	9421	9873	15222
Yale-RSV-0565	RSVA	1	11649640	10454807	10399800	75607	14492	14703	15222
Yale-RSV-0566	RSVA	1	18231462	15193337	15101186	107067	14145	14471	15222
Yale-RSV-0571	RSVA	1	13206930	10917664	10850310	78592	13973	14600	15222
Yale-RSV-0573	RSVA	1	12255090	11253234	11169404	80364	14512	14666	15222
Yale-RSV-0574	RSVA	1	10553629	9247764	9189766	65527	14260	14435	15222
Yale-RSV-0575	RSVA	1	13625080	12453134	12394104	88160	14225	14504	15222
