Yale-RSV-0002-1	RSVB	1	6367758	5244635	5184878	45412	15040	15118	15225
Yale-RSV-0003-1	RSVB	1	3945777	3828752	3780444	33110	15128	15134	15225
Yale-RSV-0004-1	RSVB	1	4356828	4234833	4201578	36724	15128	15181	15225
Yale-RSV-0005-1	RSVB	1	4168414	3164730	3153550	27241	14166	14484	15225
Yale-RSV-0008-1	RSVB	1	4174837	1882260	1872596	16021	13772	13836	15225
Yale-RSV-0009-1	RSVB	1	3248251	3217134	3178580	28231	15127	15135	15225
Yale-RSV-0011-1	RSVB	1	8095493	7600629	7549798	66107	15133	15134	15225
Yale-RSV-0012-1	RSVB	1	3978578	3882544	3858046	33590	15031	15037	15225
Yale-RSV-0013-1	RSVB	1	5784523	5587708	5547842	48537	15130	15135	15225
Yale-RSV-0014-1	RSVB	1	6435291	6307104	6217682	55116	15128	15159	15225
Yale-RSV-0015-1	RSVB	1	4893415	4751257	4696238	41107	15131	15134	15225
Yale-RSV-0016-1	RSVB	1	3699062	3269966	3245468	28298	14999	15135	15225
Yale-RSV-0017-1	RSVB	1	5467079	5214635	5121066	44846	15132	15203	15225
Yale-RSV-0018-1	RSVB	1	3784668	3661702	3640242	31945	15127	15137	15225
Yale-RSV-0019-1	RSVB	1	2398348	534858	533398	4386	6124	6630	15225
Yale-RSV-0020-1	RSVB	1	6119726	3390152	3294162	24190	11086	12102	15225
Yale-RSV-0021-1	RSVB	1	192696	153748	153436	1220	3671	4101	15225
Yale-RSV-0022-1	RSVB	1	2620034	2535547	2514702	22333	15128	15136	15225
Yale-RSV-0023-1	RSVB	1	5742232	5620430	5524952	48630	15134	15203	15225
Yale-RSV-0024-1	RSVB	1	2805507	2243497	2219024	19225	15110	15135	15225
Yale-RSV-0025-1	RSVB	1	3427902	3286586	3237030	28659	15127	15142	15225
Yale-RSV-0026-1	RSVB	1	5182631	3709071	3650762	29360	15126	15134	15225
Yale-RSV-0027-1	RSVB	1	4278665	3991369	3954596	34731	15127	15135	15225
Yale-RSV-0028-1	RSVB	1	5006608	4772176	4744082	41518	15129	15134	15225
Yale-RSV-0029-1	RSVB	1	3654113	3600032	3576050	31248	15127	15168	15225
Yale-RSV-0031-1	RSVB	1	5350216	5116173	5018138	43994	15128	15147	15225
Yale-RSV-0032-1	RSVB	1	3283447	181796	181300	1444	6469	7129	15225
Yale-RSV-0033-1	RSVB	1	1691641	697942	695060	5983	14191	14540	15225
Yale-RSV-0034-1	RSVB	1	4837446	4584704	4534580	39875	15128	15172	15225
Yale-RSV-0035-1	RSVB	1	4033408	1091201	1082664	9163	14804	14964	15225
Yale-RSV-0036-1	RSVB	1	5095688	3476332	3457262	30134	15013	15135	15225
Yale-RSV-0038-1	RSVB	1	5826515	5575162	5508982	48196	15130	15134	15225
Yale-RSV-0039-1	RSVB	1	8302572	6665051	6629452	57542	15133	15135	15225
Yale-RSV-0040-1	RSVB	1	7414620	6579043	6553396	56770	14277	14528	15225
Yale-RSV-0041-1	RSVB	1	4701215	4591188	4541734	39706	15124	15166	15225
Yale-RSV-0042-1	RSVB	1	2789057	2631876	2613662	23008	15036	15092	15225
Yale-RSV-0044-1	RSVB	1	7727434	7567487	7493706	65330	15127	15128	15225
Yale-RSV-0045-1	RSVB	1	4870591	4782402	4751456	41269	15122	15134	15225
Yale-RSV-0046-1	RSVB	1	2979546	118058	117746	876	4434	4860	15225
Yale-RSV-0047-1	RSVB	1	3895078	3812076	3782200	33002	15028	15129	15225
Yale-RSV-0048-1	RSVB	1	2138374	1922689	1907090	16519	15129	15134	15225
Yale-RSV-0049-1	RSVB	1	4751112	3534907	3509268	30596	15037	15135	15225
Yale-RSV-0050-1	RSVB	1	6807669	750693	747980	6168	10818	11112	15225
Yale-RSV-0051-1	RSVB	1	3345688	3281892	3262798	28335	15121	15153	15225
Yale-RSV-0052-1	RSVB	1	5112411	4712944	4692964	40470	14692	14759	15225
Yale-RSV-0054-1	RSVB	1	4321338	2174583	2166452	18679	14589	14623	15225
Yale-RSV-0056-1	RSVB	1	5987716	5807685	5713230	49682	15124	15166	15225
Yale-RSV-0057-1	RSVB	1	5762224	5650979	5573260	48523	15128	15172	15225
Yale-RSV-0058-1	RSVB	1	7079617	6548632	6523584	56670	14906	14917	15225
Yale-RSV-0059-1	RSVB	1	4996887	4819564	4762412	41437	15128	15134	15225
Yale-RSV-0060-1	RSVB	1	4405432	4287913	4251210	37243	15133	15147	15225
Yale-RSV-0062-1	RSVB	1	4194211	143947	143358	986	9464	10180	15225
Yale-RSV-0063-1	RSVB	1	2960730	2462117	2454382	21148	14438	14704	15225
Yale-RSV-0064-1	RSVB	1	5921043	5780167	5707434	49875	15132	15149	15225
Yale-RSV-0065-1	RSVB	1	2888090	2820617	2786230	24352	15127	15128	15225
Yale-RSV-0066-1	RSVB	1	5365695	5234080	5207768	45557	15127	15142	15225
Yale-RSV-0067-1	RSVB	1	2771581	2695084	2683230	23386	15031	15131	15225
Yale-RSV-0068-1	RSVB	1	3101962	3017288	2979030	25865	15128	15135	15225
Yale-RSV-0069-1	RSVB	1	3646179	678737	675810	5692	12329	12664	15225
Yale-RSV-0070-1	RSVB	1	5639515	5541505	5466494	47723	15128	15134	15225
Yale-RSV-0071-1	RSVB	1	6429492	5432878	5390460	46840	14899	14995	15225
Yale-RSV-0072-1	RSVB	1	4981350	602333	598062	4886	3855	4288	15225
Yale-RSV-0073-1	RSVB	1	2625662	990295	984954	8522	14441	14958	15225
Yale-RSV-0074-1	RSVB	1	4809283	4730664	4664048	40894	15128	15134	15225
Yale-RSV-0077-1	RSVB	1	3720194	328608	327296	2658	12687	13514	15225
Yale-RSV-0079-1	RSVB	1	6046263	832174	829692	6920	13355	13750	15225
Yale-RSV-0080-1	RSVB	1	8469081	8327717	8283290	71968	14882	15135	15225
Yale-RSV-0081-1	RSVB	1	2662841	2641796	2627652	22910	15027	15146	15225
Yale-RSV-0082-1	RSVB	1	2148572	2051581	2030102	17668	15031	15134	15225
Yale-RSV-0083-1	RSVB	1	4489813	2636545	2627184	22504	14325	14388	15225
Yale-RSV-0084-1	RSVB	1	4217693	3935839	3896256	33928	15128	15133	15225
Yale-RSV-0086-1	RSVB	1	8576248	8458328	8349290	72914	15128	15172	15225
Yale-RSV-0087-1	RSVB	1	6116115	5934937	5877638	51444	15128	15158	15225
Yale-RSV-0089-1	RSVB	1	8434841	7515077	7388696	64593	15131	15135	15225
Yale-RSV-0090-1	RSVB	1	8164837	6151305	6126088	53242	15133	15137	15225
Yale-RSV-0091-1	RSVB	1	7717413	7562733	7482798	65512	15128	15156	15225
Yale-RSV-0092-1	RSVB	1	589666	187355	183490	1529	13494	14958	15225
Yale-RSV-0093-1	RSVB	1	5175987	1106734	1103634	9334	14047	14501	15225
Yale-RSV-0094-1	RSVB	1	3291359	3150927	3119092	27357	15128	15173	15225
