	pos_172	pos_173	pos_67	pos_208	pos_201	pos_64	pos_65	pos_68	pos_206	pos_209	pos_305
I	0.0	0.0	0.0	0.0	0.0	0.998	0.0	0.0	0.0858	0.0	1.0
K	0.0	0.0	0.0	0.0	0.0	0.0	1.0	1.0	0.0	0.0	0.0
L	0.0	1.0	0.0	0.0	0.0	0.0	0.0	0.0	0.0	0.0	0.0
M	0.0	0.0	0.0	0.0	0.0	0.0	0.0	0.0	0.9102	0.0	0.0
N	0.0	0.0	0.0	1.0	1.0	0.0	0.0	0.0	0.0	0.0	0.0
Q	1.0	0.0	0.0	0.0	0.0	0.0	0.0	0.0	0.0	0.1178	0.0
R	0.0	0.0	0.0	0.0	0.0	0.0	0.0	0.0	0.0	0.8822	0.0
T	0.0	0.0	1.0	0.0	0.0	0.002	0.0	0.0	0.0	0.0	0.0
V	0.0	0.0	0.0	0.0	0.0	0.0	0.0	0.0	0.004	0.0	0.0
