	pos_172	pos_173	pos_176	pos_272	pos_276	pos_68	pos_190	pos_206	pos_207	pos_208	pos_209	pos_305
I	0.0	0.0	0.0	0.0	0.0	0.0	0.0	0.095	0.0	0.0	0.0	1.0
K	0.0	0.0	0.9981	1.0	0.0	1.0	0.0	0.0	0.0	0.0	0.0	0.0
L	0.0	1.0	0.0	0.0	0.0	0.0	0.0	0.0	0.0	0.0	0.0	0.0
M	0.0	0.0	0.0	0.0	0.0	0.0	0.0	0.9012	0.0	0.0	0.0	0.0
N	0.0	0.0	0.0	0.0	0.0	0.0	0.8333	0.0	0.0	1.0	0.0	0.0
Q	1.0	0.0	0.0	0.0	0.0	0.0	0.0	0.0	0.0	0.0	0.126	0.0
R	0.0	0.0	0.0019	0.0	0.0	0.0	0.0	0.0	0.0	0.0	0.874	0.0
S	0.0	0.0	0.0	0.0	1.0	0.0	0.1667	0.0	0.0	0.0	0.0	0.0
V	0.0	0.0	0.0	0.0	0.0	0.0	0.0	0.0039	1.0	0.0	0.0	0.0
