Yale-RSV-0001-1	RSVA	1	2355337	2270623	2247566	19757	14522	14681	15225
Yale-RSV-0005-1	RSVA	1	4164954	1775822	1739218	12907	10506	11509	15225
Yale-RSV-0006-1	RSVA	1	5784378	5696861	5636878	49940	14717	14874	15225
Yale-RSV-0007-1	RSVA	1	4302870	4222291	4156780	36949	14413	14573	15225
Yale-RSV-0008-1	RSVA	1	4172216	1114682	1096924	7881	10589	11297	15225
Yale-RSV-0019-1	RSVA	1	2401179	394047	380928	2658	5585	6234	15225
Yale-RSV-0020-1	RSVA	1	6180732	6074166	5961230	52772	14754	15144	15225
Yale-RSV-0021-1	RSVA	1	192655	127330	127158	1033	2869	3405	15225
Yale-RSV-0026-1	RSVA	1	5189681	4513096	4472420	37688	14832	14939	15225
Yale-RSV-0030-1	RSVA	1	4854681	4652315	4558758	40465	14769	15149	15225
Yale-RSV-0033-1	RSVA	1	1690872	421163	412274	3014	10615	11433	15225
Yale-RSV-0035-1	RSVA	1	4029582	665977	653060	4823	10527	11439	15225
Yale-RSV-0037-1	RSVA	1	3504742	2457817	2442220	21380	14234	14288	15225
Yale-RSV-0039-1	RSVA	1	8288399	3766722	3687748	27355	11577	12271	15225
Yale-RSV-0043-1	RSVA	1	3758157	3654336	3608900	31752	14555	14825	15225
Yale-RSV-0045-1	RSVA	1	4856004	2584884	2525102	18712	11894	12477	15225
Yale-RSV-0047-1	RSVA	1	3879656	2111985	2061058	15154	11616	12378	15225
Yale-RSV-0049-1	RSVA	1	4739838	1883796	1833652	13320	12116	12650	15225
Yale-RSV-0051-1	RSVA	1	3337881	1763003	1719602	12661	11688	12436	15225
Yale-RSV-0052-1	RSVA	1	5103534	2720658	2669176	19181	11576	12220	15225
Yale-RSV-0053-1	RSVA	1	4897223	4861929	4811346	42160	14408	14439	15225
Yale-RSV-0055-1	RSVA	1	8875612	8483507	8362870	73488	14565	14853	15225
Yale-RSV-0061-1	RSVA	1	3477611	3272557	3230720	28157	14677	14759	15225
Yale-RSV-0062-1	RSVA	1	4194145	94943	94020	634	7447	8660	15225
Yale-RSV-0063-1	RSVA	1	2958447	1455091	1427606	10477	11019	12081	15225
Yale-RSV-0066-1	RSVA	1	5354999	2838935	2772366	20649	11715	12357	15225
Yale-RSV-0067-1	RSVA	1	2767705	1471051	1435720	10579	11796	12513	15225
Yale-RSV-0075-1	RSVA	1	3266211	2839857	2818358	24527	14660	14722	15225
Yale-RSV-0076-1	RSVA	1	1440723	1385151	1366848	11945	14856	14867	15225
Yale-RSV-0077-1	RSVA	1	3719759	204438	199454	1448	8775	10377	15225
Yale-RSV-0080-1	RSVA	1	8448709	4525203	4424482	32561	11201	12015	15225
Yale-RSV-0083-1	RSVA	1	4486643	1600315	1573158	11800	11271	12000	15225
Yale-RSV-0085-1	RSVA	1	6849048	6655575	6596878	57965	14557	14582	15225
Yale-RSV-0088-1	RSVA	1	326205	314407	313970	2556	2044	2372	15225
Yale-RSV-0095-1	RSVA	1	866165	803295	802342	6484	2066	2429	15225
Yale-RSV-0096-1	RSVA	1	1249635	1082521	1081090	8804	2422	2690	15225
Yale-RSV-0097-1	RSVA	1	3004782	2969673	2903486	25333	14572	15096	15225
Yale-RSV-0098-1	RSVA	1	5088904	841278	830320	6110	12643	13443	15225
Yale-RSV-0100-1	RSVA	1	2578630	1009744	984098	7015	11298	12221	15225
Yale-RSV-0102-1	RSVA	1	4399641	460607	459462	3440	3332	4212	15225
Yale-RSV-0103-1	RSVA	1	3535402	406188	398738	2591	6666	7385	15225
Yale-RSV-0104-1	RSVA	1	4330985	1149822	1132884	8553	5999	6870	15225
Yale-RSV-0105-1	RSVA	1	3157443	1089346	1066384	8444	5183	5578	15225
Yale-RSV-0106-1	RSVA	1	1077589	511705	497748	3551	11075	11765	15225
Yale-RSV-0107-1	RSVA	1	6928073	3098107	3032292	22969	14024	14241	15225
Yale-RSV-0111-1	RSVA	1	2371141	122683	121430	901	9754	10500	15225
Yale-RSV-0113-1	RSVA	1	5016847	3137941	3110824	25883	14826	15113	15225
Yale-RSV-0118-1	RSVA	1	4481055	3867391	3794046	31760	14956	15097	15225
Yale-RSV-0119-1	RSVA	1	3739960	884415	866984	5821	10563	11436	15225
Yale-RSV-0120-1	RSVA	1	1845977	641389	631920	4497	10210	10854	15225
Yale-RSV-0121-1	RSVA	1	5112009	4931825	4850464	42094	14613	15142	15225
Yale-RSV-0124-1	RSVA	1	3880107	705205	690532	4884	10822	11730	15225
Yale-RSV-0126-1	RSVA	1	6260787	3049546	2962692	21394	13817	14188	15225
Yale-RSV-0127-1	RSVA	1	4306969	988592	975080	6496	10996	11797	15225
Yale-RSV-0128-1	RSVA	1	3372670	1042606	1026294	7456	11337	11863	15225
Yale-RSV-0129-1	RSVA	1	4230868	1782365	1731724	11994	11465	12286	15225
Yale-RSV-0130-1	RSVA	1	4149130	1816805	1755422	12611	13568	13747	15225
Yale-RSV-0131-1	RSVA	1	4079771	270850	265074	1827	9777	10665	15225
Yale-RSV-0132-1	RSVA	1	3461686	414057	405862	2895	8338	9080	15225
Yale-RSV-0133-1	RSVA	1	6063717	5808106	5768546	48961	14452	14492	15225
Yale-RSV-0134-1	RSVA	1	4947805	994161	980712	6986	6742	7596	15225
Yale-RSV-0135-1	RSVA	1	4782904	1330166	1319484	10135	8740	9630	15225
Yale-RSV-0136-1	RSVA	1	5761615	5320625	5258034	44731	14605	14814	15225
Yale-RSV-0137-1	RSVA	1	5254623	1960340	1930882	13943	10938	11453	15225
Yale-RSV-0140-1	RSVA	1	7535233	7362405	7282570	62892	14486	14513	15225
Yale-RSV-0142-1	RSVA	1	5545207	5371096	5323626	45854	14470	14524	15225
Yale-RSV-0144-1	RSVA	1	2380397	793557	760038	5305	6003	6959	15225
Yale-RSV-0145-1	RSVA	1	3810600	1006319	990724	7070	10998	11759	15225
Yale-RSV-0146-1	RSVA	1	7483030	3658088	3555904	24562	12639	13045	15225
Yale-RSV-0147-1	RSVA	1	3760688	3663619	3623812	30891	14340	14697	15225
Yale-RSV-0148-1	RSVA	1	4127200	461588	449066	3085	9414	12121	15225
Yale-RSV-0149-1	RSVA	1	6686479	2874354	2819248	20716	10969	12116	15225
Yale-RSV-0151-1	RSVA	1	3686629	1812406	1784280	13630	6410	6993	15225
Yale-RSV-0152-1	RSVA	1	4808390	2319327	2247354	15323	11705	12378	15225
Yale-RSV-0155-1	RSVA	1	7960621	3725630	3611956	25338	11640	12295	15225
Yale-RSV-0157-1	RSVA	1	4916199	2335434	2280140	16090	11753	12444	15225
Yale-RSV-0158-1	RSVA	1	3628325	860638	847902	5875	6978	7833	15225
Yale-RSV-0160-1	RSVA	1	4783196	4739257	4694014	40417	14500	14959	15225
Yale-RSV-0161-1	RSVA	1	5736198	5624068	5493788	47974	15090	15129	15225
Yale-RSV-0163-1	RSVA	1	3735037	903539	898382	6605	4920	5819	15225
Yale-RSV-0165-1	RSVA	1	1909954	344048	343438	2596	1748	4824	15225
Yale-RSV-0168-1	RSVA	1	3095660	1734706	1714988	12979	6761	7443	15225
Yale-RSV-0169-1	RSVA	1	6942683	3048033	2963340	20483	12175	12514	15225
Yale-RSV-0172-1	RSVA	1	3208631	417007	410420	2868	9161	10123	15225
Yale-RSV-0174-1	RSVA	1	4674166	2249585	2156086	15707	5740	6696	15225
Yale-RSV-0178-1	RSVA	1	2375307	1117515	1090096	7516	12207	12624	15225
Yale-RSV-0179-1	RSVA	1	6335863	5472543	5398088	46432	14566	14779	15225
Yale-RSV-0181-1	RSVA	1	7621985	3699125	3589712	25855	13271	13548	15225
Yale-RSV-0182-1	RSVA	1	5472459	2746518	2690108	19938	11915	12347	15225
Yale-RSV-0184-1	RSVA	1	2956747	2907077	2871478	24694	14483	14547	15225
Yale-RSV-0185-1	RSVA	1	6372039	1596063	1562096	11490	11883	12362	15225
Yale-RSV-0187-1	RSVA	1	6360949	6225831	6144606	53053	14494	14974	15225
Yale-RSV-0188-1	RSVA	1	1785083	792984	769502	5275	11701	12529	15225
Yale-RSV-0189-1	RSVA	1	5448368	5062393	5027896	42527	14162	14338	15225
Yale-RSV-0196-1	RSVA	1	3922502	1053950	1022194	7383	11136	12038	15225
Yale-RSV-0203-1	RSVA	1	6034172	1331491	1293092	9006	12073	12648	15225
Yale-RSV-0208-1	RSVA	1	4092219	3121995	3063966	26491	14567	14687	15225
Yale-RSV-0211-1	RSVA	1	3369623	1341650	1293898	9439	11285	12075	15225
Yale-RSV-0214-1	RSVA	1	2889497	101930	101394	693	6669	7881	15225
Yale-RSV-0216-1	RSVA	1	3634753	2976914	2942766	25029	15025	15097	15225
Yale-RSV-0221-1	RSVA	1	4388709	4342524	4266390	36939	14567	14988	15225
Yale-RSV-0225-1	RSVA	1	3733980	928829	901824	5936	11280	11961	15225
Yale-RSV-0228-1	RSVA	1	4344911	3460898	3395266	29247	14560	14684	15225
Yale-RSV-0231-1	RSVA	1	2637283	2459067	2428726	20923	14778	14863	15225
Yale-RSV-0234-1	RSVA	1	2347128	839383	815890	5618	8910	9934	15225
Yale-RSV-0235-1	RSVA	1	4680202	582185	575524	4301	2777	3411	15225
Yale-RSV-0236-1	RSVA	1	3606532	1800259	1748452	12408	12958	13231	15225
Yale-RSV-0237-1	RSVA	1	4909712	3532789	3485662	30124	14564	14781	15225
Yale-RSV-0244-1	RSVA	1	4621566	1613681	1593318	12242	13799	14220	15225
Yale-RSV-0251-1	RSVA	1	3827586	3666444	3615402	31390	14564	14852	15225
Yale-RSV-0252-1	RSVA	1	6391176	5942036	5873250	50465	14867	15060	15225
Yale-RSV-0254-1	RSVA	1	3789734	3651551	3615628	30996	14599	14729	15225
Yale-RSV-0256-1	RSVA	1	6548652	916628	874826	6344	9910	10813	15225
Yale-RSV-0259-1	RSVA	1	3608557	3368447	3314504	28649	14561	15028	15225
Yale-RSV-0260-1	RSVA	1	6310752	1405093	1396868	10817	2714	3945	15225
Yale-RSV-0261-1	RSVA	1	1830672	704667	694430	5021	11062	12097	15225
Yale-RSV-0262-1	RSVA	1	3851038	3747224	3691668	32002	14653	14954	15225
Yale-RSV-0263-1	RSVA	1	6832660	2059791	2004926	14093	11499	12090	15225
Yale-RSV-0265-1	RSVA	1	3259580	1150331	1116728	7784	11777	12337	15225
Yale-RSV-0275-1	RSVA	1	6702967	2313776	2231248	15974	12262	12825	15225
Yale-RSV-0277-1	RSVA	1	6291545	5965408	5878852	50736	14819	15126	15225
Yale-RSV-0280-1	RSVA	1	4842612	2250207	2193972	15681	12010	12470	15225
Yale-RSV-0281-1	RSVA	1	4179140	1484481	1473220	11048	8304	9071	15225
Yale-RSV-0283-1	RSVA	1	5968394	2528199	2476494	17310	11939	12507	15225
Yale-RSV-0289-1	RSVA	1	757606	392585	386026	2822	9868	10916	15225
Yale-RSV-0292-1	RSVA	1	1693280	1675427	1659718	13849	14536	14614	15225
Yale-RSV-0294-1	RSVA	1	1797970	1744554	1714186	14332	14354	14782	15225
Yale-RSV-0297-1	RSVA	1	767186	722654	715540	5895	13447	13967	15225
Yale-RSV-0300-1	RSVA	1	1273948	529221	519786	3514	10114	11128	15225
Yale-RSV-0307-1	RSVA	1	1243570	1175311	1156126	9718	14647	14933	15225
Yale-RSV-0311-1	RSVA	1	1021113	679145	673434	5561	13524	13872	15225
Yale-RSV-0314-1	RSVA	1	976670	875876	860606	7214	14171	14791	15225
Yale-RSV-0326-1	RSVA	1	964695	362371	355342	2465	10187	10962	15225
Yale-RSV-0328-1	RSVA	1	567223	178479	176512	1208	4392	5392	15225
Yale-RSV-0330-1	RSVA	1	1127588	1116106	1090120	9116	14437	14841	15225
Yale-RSV-0341-1	RSVA	1	1108075	447255	437274	2914	10371	11596	15225
Yale-RSV-0346-1	RSVA	1	670135	591518	582434	4845	14469	14738	15225
Yale-RSV-0354-1	RSVA	1	887945	212130	209348	1470	13077	13685	15225
Yale-RSV-0361-1	RSVA	1	1391059	1349449	1328406	11095	14541	14666	15225
Yale-RSV-0365-1	RSVA	1	1308205	354360	353132	2778	7887	8603	15225
Yale-RSV-0367-1	RSVA	1	950357	906519	893650	7486	14548	14640	15225
Yale-RSV-0373-1	RSVA	1	1664737	1646060	1624834	13613	14545	14719	15225
Yale-RSV-0376-1	RSVA	1	386483	71515	71316	515	2176	2896	15225
Yale-RSV-0381-1	RSVA	1	1266562	567744	553464	3944	11150	11730	15225
Yale-RSV-0385-1	RSVA	1	2362835	1815617	1787102	14722	12938	13307	15225
Yale-RSV-0387-1	RSVA	1	5174482	1526793	1469258	10484	10891	11311	15225
Yale-RSV-0388-1	RSVA	1	7758677	7530516	7409950	64162	14615	14706	15225
Yale-RSV-0389-1	RSVA	1	7129571	3164910	3065110	21041	12276	12703	15225
Yale-RSV-0390-1	RSVA	1	5280998	2531569	2468362	18170	12540	12924	15225
Yale-RSV-0391-1	RSVA	1	5223841	2457709	2404290	17884	12319	12522	15225
Yale-RSV-0392-1	RSVA	1	5293400	2593815	2504326	17938	12492	13319	15225
Yale-RSV-0393-1	RSVA	1	3632829	1018935	988194	6739	11688	12281	15225
Yale-RSV-0394-1	RSVA	1	3348084	1409407	1378046	9909	12428	12752	15225
Yale-RSV-0395-1	RSVA	1	5445031	4506007	4445872	36962	14112	14452	15225
Yale-RSV-0396-1	RSVA	1	5687055	2033897	1991638	15400	10186	10551	15225
Yale-RSV-0397-1	RSVA	1	7574014	5821749	5780638	48183	14007	14353	15225
Yale-RSV-0399-1	RSVA	1	1217613	308306	297962	2152	11021	11727	15225
Yale-RSV-0400-1	RSVA	1	5697021	2192558	2112382	14495	12314	12728	15225
Yale-RSV-0401-1	RSVA	1	3358734	1703629	1655360	12584	9778	10449	15225
Yale-RSV-0403-1	RSVA	1	7608189	3557689	3457428	23886	13199	13421	15225
Yale-RSV-0404-1	RSVA	1	4710374	2402243	2336922	17581	13388	13639	15225
Yale-RSV-0405-1	RSVA	1	4978455	2278258	2229382	15498	13117	13598	15225
Yale-RSV-0406-1	RSVA	1	5499508	2814984	2747380	20071	12393	12828	15225
Yale-RSV-0408-1	RSVA	1	3325734	1860453	1821466	13446	12669	13165	15225
Yale-RSV-0413-1	RSVA	1	4841566	2255942	2193964	14946	11467	12010	15225
Yale-RSV-0414-1	RSVA	1	3195558	1011497	984180	6863	11267	12325	15225
Yale-RSV-0415-1	RSVA	1	4718431	323092	313504	2082	7868	8964	15225
Yale-RSV-0416-1	RSVA	1	1753761	664843	641184	4701	4048	4895	15225
Yale-RSV-0419-1	RSVA	1	2487214	511392	505234	4154	8695	9825	15225
Yale-RSV-0425-1	RSVA	1	2801455	1039722	1009330	7150	11453	12060	15225
Yale-RSV-0428-1	RSVA	1	4597786	4489021	4443756	37810	14117	14626	15225
Yale-RSV-0429-1	RSVA	1	1758950	849104	822096	5679	11365	12087	15225
Yale-RSV-0432-1	RSVA	1	2959011	1369835	1327310	9177	14092	14321	15225
Yale-RSV-0434-1	RSVA	1	5006214	1134529	1114770	7657	11286	12103	15225
Yale-RSV-0435-1	RSVA	1	3310568	419389	406490	2769	5658	6663	15225
Yale-RSV-0437-1	RSVA	1	4022450	1040412	1028934	7517	7151	7823	15225
Yale-RSV-0438-1	RSVA	1	5972256	5593786	5550594	47501	14399	14452	15225
Yale-RSV-0439-1	RSVA	1	2688474	1081353	1045268	7593	11477	12266	15225
Yale-RSV-0441-1	RSVA	1	3323040	1922520	1898734	15304	13424	13885	15225
Yale-RSV-0442-1	RSVA	1	2161633	1714582	1699960	14438	14123	14240	15225
Yale-RSV-0444-1	RSVA	1	4727625	1304288	1278568	8846	6987	8002	15225
Yale-RSV-0445-1	RSVA	1	4909845	1070284	1044428	7723	8157	8485	15225
Yale-RSV-0446-1	RSVA	1	2810032	993081	969756	6527	11992	12418	15225
Yale-RSV-0447-1	RSVA	1	4282427	2011216	1910938	13659	12281	12619	15225
Yale-RSV-0448-1	RSVA	1	1825095	856829	833022	5812	11285	12190	15225
Yale-RSV-0449-1	RSVA	1	3460456	1467969	1446200	11050	7740	8964	15225
Yale-RSV-0451-1	RSVA	1	7166480	6931957	6881162	58508	14012	14323	15225
Yale-RSV-0455-1	RSVA	1	5371091	1595548	1556016	10544	11905	12446	15225
Yale-RSV-0456-1	RSVA	1	7223271	3492017	3401710	23037	11564	12273	15225
Yale-RSV-0459-1	RSVA	1	2662556	230318	225464	1501	9675	11148	15225
Yale-RSV-0461-1	RSVA	1	5868711	5816026	5741990	49504	14561	14904	15225
Yale-RSV-0462-1	RSVA	1	4972609	4715696	4664562	39186	15017	15103	15225
Yale-RSV-0463-1	RSVA	1	2907897	401118	391974	2717	10955	11834	15225
Yale-RSV-0464-1	RSVA	1	6613069	5586885	5538068	47125	14151	14621	15225
Yale-RSV-0466-1	RSVA	1	6277691	1916657	1846146	12550	11914	12572	15225
Yale-RSV-0467-1	RSVA	1	1001225	287539	266272	2052	6017	6538	15225
Yale-RSV-0468-1	RSVA	1	4822191	4507539	4452034	38169	14542	14784	15225
Yale-RSV-0469-1	RSVA	1	7916821	7804063	7599062	66044	14748	15177	15225
Yale-RSV-0471-1	RSVA	1	3763713	1335376	1296598	9370	10765	11478	15225
Yale-RSV-0472-1	RSVA	1	3939867	1466878	1434714	9854	11676	12464	15225
Yale-RSV-0473-1	RSVA	1	7495001	3371863	3274034	21817	12493	12739	15225
Yale-RSV-0475-1	RSVA	1	6889922	6741846	6669752	57057	14544	14575	15225
Yale-RSV-0476-1	RSVA	1	6050695	2759403	2701888	18800	11631	12098	15225
Yale-RSV-0481-1	RSVA	1	3994219	2040364	1961858	13636	11966	12733	15225
Yale-RSV-0482-1	RSVA	1	7843511	7762889	7709344	66737	14801	15099	15225
Yale-RSV-0483-1	RSVA	1	3593596	3396701	3351040	29224	14562	14889	15225
Yale-RSV-0484-1	RSVA	1	8856750	8826072	8718284	75767	14854	15118	15225
Yale-RSV-0486-1	RSVA	1	6841566	6383462	6310202	54956	14555	14749	15225
Yale-RSV-0487-1	RSVA	1	2770509	1219075	1192608	8359	10756	11699	15225
Yale-RSV-0488-1	RSVA	1	1699219	803659	785038	5405	10393	11445	15225
Yale-RSV-0491-1	RSVA	1	4814636	4549917	4507904	39254	14560	14917	15225
Yale-RSV-0492-1	RSVA	1	5380811	5349005	5280918	45946	14566	14965	15225
Yale-RSV-0493-1	RSVA	1	3856872	1877337	1850468	12477	10723	11446	15225
Yale-RSV-0495-1	RSVA	1	1137631	787587	781984	6073	8740	9520	15225
Yale-RSV-0498-1	RSVA	1	6197667	6019901	5959220	51813	14723	15077	15225
Yale-RSV-0499-1	RSVA	1	181120	113894	113490	809	2924	3396	15225
Yale-RSV-0500-1	RSVA	1	9009569	8943238	8873026	76457	14708	14994	15225
Yale-RSV-0502-1	RSVA	1	4998093	4832587	4801576	40974	14472	14510	15225
Yale-RSV-0503-1	RSVA	1	5792042	2826350	2743110	18339	12466	12906	15225
Yale-RSV-0504-1	RSVA	1	3568645	3276059	3257752	27123	14399	14565	15225
Yale-RSV-0507-1	RSVA	1	4423883	1712347	1668384	10825	11044	11925	15225
Yale-RSV-0512-1	RSVA	1	1829310	970372	950524	6782	10308	11357	15225
Yale-RSV-0517-1	RSVA	1	4368998	4330867	4271910	37098	14796	15144	15225
Yale-RSV-0519-1	RSVA	1	143366	43526	43048	190	3206	4013	15225
Yale-RSV-0521-1	RSVA	1	2478405	808585	782158	5205	11032	11808	15225
Yale-RSV-0522-1	RSVA	1	1699109	1458120	1450418	11811	3988	4501	15225
Yale-RSV-0524-1	RSVA	1	5116364	5072498	5041068	43314	14412	14780	15225
Yale-RSV-0527-1	RSVA	1	6856289	6800390	6745714	58382	14609	15072	15225
Yale-RSV-0528-1	RSVA	1	5181580	2456020	2366814	17006	11935	12528	15225
Yale-RSV-0530-1	RSVA	1	6910054	3430941	3301562	23399	14550	14741	15225
Yale-RSV-0531-1	RSVA	1	5655365	5321039	5255856	45603	14563	14995	15225
Yale-RSV-0533-1	RSVA	1	4999384	2227706	2187884	14373	11076	12083	15225
Yale-RSV-0535-1	RSVA	1	5329189	2535900	2458396	16375	11379	12141	15225
Yale-RSV-0538-1	RSVA	1	2933770	1387118	1357544	9019	10888	11758	15225
Yale-RSV-0540-1	RSVA	1	962426	386506	373230	2577	11136	11942	15225
Yale-RSV-0541-1	RSVA	1	5093842	4999287	4970744	42411	14418	14787	15225
Yale-RSV-0542-1	RSVA	1	3474106	3429576	3395754	29119	14411	14698	15225
Yale-RSV-0543-1	RSVA	1	4403585	3093850	3037164	23188	14934	14954	15225
Yale-RSV-0544-1	RSVA	1	3427393	302265	296772	1605	8581	10085	15225
Yale-RSV-0545-1	RSVA	1	4929431	3321515	3290688	28482	14457	14986	15225
Yale-RSV-0548-1	RSVA	1	9461787	9357846	9222232	79609	15091	15157	15225
Yale-RSV-0550-1	RSVA	1	2403130	2366072	2338084	20347	14449	14734	15225
Yale-RSV-0554-1	RSVA	1	2599216	516627	508430	2958	8618	10099	15225
Yale-RSV-0557-1	RSVA	1	4173526	1482976	1447292	9766	11538	12023	15225
Yale-RSV-0559-1	RSVA	1	5704750	5608106	5545680	48197	14621	15143	15225
Yale-RSV-0566-1	RSVA	1	7769463	7170940	7119108	61164	14500	14849	15225
Yale-RSV-0568-1	RSVA	1	6926709	6463663	6414546	54974	14566	15028	15225
Yale-RSV-0570-1	RSVA	1	6415540	3092469	2964030	20314	11347	12303	15225
Yale-RSV-0573-1	RSVA	1	4046062	2168667	2145552	15489	10697	11518	15225
Yale-RSV-0577-1	RSVA	1	3575028	2993659	2960790	23066	15028	15087	15225
Yale-RSV-0578-1	RSVA	1	3810712	3775423	3743340	30660	14879	15097	15225
Yale-RSV-0603-1	RSVA	1	4286500	889480	873982	5642	10534	11508	15225
Yale-RSV-0619-1	RSVA	1	3205570	1435832	1403122	9366	11978	12489	15225
Yale-RSV-0621-1	RSVA	1	2252067	2225025	2211202	17985	14550	14800	15225
Yale-RSV-0622-1	RSVA	1	7011790	6799984	6741516	54410	14552	15003	15225
Yale-RSV-0623-1	RSVA	1	3926827	3853765	3823630	30941	14678	15097	15225
