Yale-RSV-0002-1	RSVB	1	6348805	5258656	5216432	46052	15092	15169	15222
Yale-RSV-0003-1	RSVB	1	3935070	3841110	3802408	33573	15179	15185	15222
Yale-RSV-0004-1	RSVB	1	4358409	4261737	4226454	37108	15179	15204	15222
Yale-RSV-0005-1	RSVB	1	4169368	3179083	3166918	27460	14191	14513	15222
Yale-RSV-0008-1	RSVB	1	4175430	1889732	1879808	16085	13830	13868	15222
Yale-RSV-0009-1	RSVB	1	3244468	3227464	3192206	28516	15178	15186	15222
Yale-RSV-0011-1	RSVB	1	8102368	7651855	7593554	66824	15184	15185	15222
Yale-RSV-0012-1	RSVB	1	3980992	3902784	3875586	33908	15082	15090	15222
Yale-RSV-0013-1	RSVB	1	5788331	5614957	5570872	49009	15184	15186	15222
Yale-RSV-0014-1	RSVB	1	6422961	6340821	6262946	55895	15179	15205	15222
Yale-RSV-0015-1	RSVB	1	4879576	4762418	4719860	41675	15182	15185	15222
Yale-RSV-0016-1	RSVB	1	3698674	3284492	3260054	28590	15050	15186	15222
Yale-RSV-0017-1	RSVB	1	5439729	5227682	5159272	45687	15184	15210	15222
Yale-RSV-0018-1	RSVB	1	3787648	3681901	3657288	32249	15179	15188	15222
Yale-RSV-0019-1	RSVB	1	2398413	543099	541616	4398	6160	6801	15222
Yale-RSV-0021-1	RSVB	1	192765	156153	155768	1235	3857	4403	15222
Yale-RSV-0022-1	RSVB	1	2622441	2550274	2526812	22563	15179	15187	15222
Yale-RSV-0023-1	RSVB	1	5710833	5626494	5560394	49502	15179	15209	15222
Yale-RSV-0024-1	RSVB	1	2800266	2252440	2232776	19475	15164	15186	15222
Yale-RSV-0025-1	RSVB	1	3421931	3306816	3262622	29079	15178	15193	15222
Yale-RSV-0026-1	RSVB	1	5183000	3666037	3609366	28820	15179	15185	15222
Yale-RSV-0027-1	RSVB	1	4277730	4013477	3976910	35137	15178	15186	15222
Yale-RSV-0028-1	RSVB	1	5006635	4791342	4762842	41932	15180	15185	15222
Yale-RSV-0029-1	RSVB	1	3656846	3616769	3589704	31486	15179	15217	15222
Yale-RSV-0031-1	RSVB	1	5316469	5118297	5051732	44835	15179	15198	15222
Yale-RSV-0032-1	RSVB	1	3283556	193549	192884	1481	6817	7655	15222
Yale-RSV-0033-1	RSVB	1	1691858	704243	701162	6028	14310	14596	15222
Yale-RSV-0034-1	RSVB	1	4833941	4608202	4560552	40347	15179	15205	15222
Yale-RSV-0035-1	RSVB	1	4031173	1105404	1098812	9271	14868	15024	15222
Yale-RSV-0036-1	RSVB	1	5095820	3494896	3475336	30422	15064	15186	15222
Yale-RSV-0038-1	RSVB	1	5820567	5600676	5538460	48856	15181	15185	15222
Yale-RSV-0039-1	RSVB	1	8302852	6696406	6659842	57950	15184	15187	15222
Yale-RSV-0040-1	RSVB	1	7417907	6606841	6578212	57196	14322	14554	15222
Yale-RSV-0041-1	RSVB	1	4698554	4612373	4564316	40186	15175	15199	15222
Yale-RSV-0042-1	RSVB	1	2790597	2641934	2621998	23202	15085	15143	15222
Yale-RSV-0044-1	RSVB	1	7721120	7602101	7533318	66095	15178	15179	15222
Yale-RSV-0045-1	RSVB	1	4873109	4804163	4770402	41621	15179	15185	15222
Yale-RSV-0046-1	RSVB	1	2979557	125736	125400	886	4863	5380	15222
Yale-RSV-0047-1	RSVB	1	3890479	3824145	3798418	33339	15079	15180	15222
Yale-RSV-0048-1	RSVB	1	2139423	1934802	1917806	16705	15180	15185	15222
Yale-RSV-0049-1	RSVB	1	4747601	3549388	3526698	30928	15090	15186	15222
Yale-RSV-0050-1	RSVB	1	6807773	751269	748892	6080	10759	11281	15222
Yale-RSV-0051-1	RSVB	1	3346582	3296316	3276072	28599	15172	15185	15222
Yale-RSV-0052-1	RSVB	1	5116230	4737817	4713774	40773	14731	14753	15222
Yale-RSV-0054-1	RSVB	1	4321847	2186468	2178026	18816	14629	14654	15222
Yale-RSV-0056-1	RSVB	1	5959728	5821670	5752796	50627	15175	15199	15222
Yale-RSV-0057-1	RSVB	1	5747430	5671152	5607192	49232	15179	15205	15222
Yale-RSV-0058-1	RSVB	1	7080644	6570345	6544618	57104	14960	14968	15222
Yale-RSV-0059-1	RSVB	1	4998792	4864617	4803188	42209	15179	15185	15222
Yale-RSV-0060-1	RSVB	1	4408509	4311111	4270748	37642	15184	15195	15222
Yale-RSV-0062-1	RSVB	1	4194230	154019	153504	998	9673	10440	15222
Yale-RSV-0063-1	RSVB	1	2961431	2470965	2462590	21279	14487	14747	15222
Yale-RSV-0064-1	RSVB	1	5908827	5799609	5737424	50528	15183	15200	15222
Yale-RSV-0065-1	RSVB	1	2879274	2828574	2802320	24715	15178	15179	15222
Yale-RSV-0066-1	RSVB	1	5367404	5253435	5225520	45911	15179	15193	15222
Yale-RSV-0067-1	RSVB	1	2772547	2707614	2694734	23575	15084	15182	15222
Yale-RSV-0068-1	RSVB	1	3102844	3043973	3003566	26301	15179	15186	15222
Yale-RSV-0069-1	RSVB	1	3646307	685906	683286	5719	12376	12734	15222
Yale-RSV-0070-1	RSVB	1	5616641	5558261	5504698	48519	15179	15185	15222
Yale-RSV-0071-1	RSVB	1	6418619	5449289	5416654	47276	14949	15046	15222
Yale-RSV-0072-1	RSVB	1	4981430	577110	575782	4717	4234	4753	15222
Yale-RSV-0073-1	RSVB	1	2625854	1000672	995080	8605	14499	15025	15222
Yale-RSV-0074-1	RSVB	1	4786525	4739496	4693974	41592	15179	15185	15222
Yale-RSV-0077-1	RSVB	1	3720306	337865	336364	2692	12764	13627	15222
Yale-RSV-0078-1	RSVB	1	3035414	64620	64446	343	3061	4030	15222
Yale-RSV-0079-1	RSVB	1	6046389	843193	840526	6974	13396	13859	15222
Yale-RSV-0080-1	RSVB	1	8468933	8352400	8308090	72579	14933	15186	15222
Yale-RSV-0081-1	RSVB	1	2664782	2656788	2640484	23145	15078	15197	15222
Yale-RSV-0082-1	RSVB	1	2143365	2058172	2041612	17897	15082	15185	15222
Yale-RSV-0083-1	RSVB	1	4490413	2649567	2639644	22654	14397	14446	15222
Yale-RSV-0084-1	RSVB	1	4215001	3955027	3917104	34339	15179	15184	15222
Yale-RSV-0086-1	RSVB	1	8546331	8480279	8398008	73992	15179	15205	15222
Yale-RSV-0087-1	RSVB	1	6124329	6001684	5933716	52480	15179	15206	15222
Yale-RSV-0089-1	RSVB	1	8371734	7516627	7450510	65968	15182	15186	15222
Yale-RSV-0090-1	RSVB	1	8165118	6175775	6149934	53699	15185	15188	15222
Yale-RSV-0091-1	RSVB	1	7712855	7613409	7534452	66608	15179	15205	15222
Yale-RSV-0092-1	RSVB	1	589310	189008	185304	1550	13635	15016	15222
Yale-RSV-0093-1	RSVB	1	5176157	1116845	1113762	9384	14136	14537	15222
Yale-RSV-0094-1	RSVB	1	3290205	3167773	3136104	27750	15179	15197	15222
Yale-RSV-0098-1	RSVB	1	5091228	1147810	1139382	9327	14300	14444	15222
Yale-RSV-0099-1	RSVB	1	4250375	4192379	4158750	35883	15178	15180	15222
Yale-RSV-0100-1	RSVB	1	2584353	2275600	2263134	19175	14341	14688	15222
Yale-RSV-0101-1	RSVB	1	5466051	5389024	5342192	45872	15179	15205	15222
Yale-RSV-0102-1	RSVB	1	4399866	596272	594876	4778	4198	5091	15222
Yale-RSV-0103-1	RSVB	1	3536746	669023	666010	5547	9027	9477	15222
Yale-RSV-0104-1	RSVB	1	4338265	1414351	1401264	11273	7158	7993	15222
Yale-RSV-0105-1	RSVB	1	3157101	1126274	1119404	8959	6015	6956	15222
Yale-RSV-0106-1	RSVB	1	1083277	1067543	1055858	9023	15078	15084	15222
Yale-RSV-0107-1	RSVB	1	6914841	4129936	4101870	34111	14908	14969	15222
Yale-RSV-0108-1	RSVB	1	4364070	4220283	4174826	35984	15171	15181	15222
Yale-RSV-0109-1	RSVB	1	6056460	5954454	5888552	50837	15180	15187	15222
Yale-RSV-0110-1	RSVB	1	5343302	5296415	5237510	45356	15199	15205	15222
Yale-RSV-0111-1	RSVB	1	2371067	129607	128674	937	11184	12228	15222
Yale-RSV-0112-1	RSVB	1	5274158	5072702	5030414	43133	15082	15095	15222
Yale-RSV-0113-1	RSVB	1	5007011	1868745	1847010	14085	14885	14913	15222
Yale-RSV-0114-1	RSVB	1	4863695	4516726	4479698	38816	15179	15185	15222
Yale-RSV-0115-1	RSVB	1	4252394	4081478	4036852	34898	15179	15186	15222
Yale-RSV-0116-1	RSVB	1	5279429	5175922	5120412	44186	15179	15200	15222
Yale-RSV-0117-1	RSVB	1	2184865	1730425	1718854	14592	14966	15191	15222
Yale-RSV-0118-1	RSVB	1	4459133	2745839	2707232	21298	15178	15183	15222
Yale-RSV-0119-1	RSVB	1	3745274	1987328	1975884	16775	14104	14263	15222
Yale-RSV-0120-1	RSVB	1	1853433	1173731	1163340	9791	14111	14137	15222
Yale-RSV-0122-1	RSVB	1	7040254	6455181	6401272	55250	15101	15189	15222
Yale-RSV-0123-1	RSVB	1	6052883	5876129	5812234	50437	15178	15181	15222
Yale-RSV-0124-1	RSVB	1	3885262	1479752	1467368	12413	14871	14886	15222
Yale-RSV-0125-1	RSVB	1	4700926	1599341	1588950	13450	14631	14809	15222
Yale-RSV-0126-1	RSVB	1	6283132	6175464	6130704	52636	15179	15186	15222
Yale-RSV-0127-1	RSVB	1	4314307	2152935	2137708	18084	14869	14881	15222
Yale-RSV-0128-1	RSVB	1	3378566	2009232	1996204	16923	14402	14425	15222
Yale-RSV-0129-1	RSVB	1	4248197	3806137	3772960	32438	15082	15183	15222
Yale-RSV-0130-1	RSVB	1	4168580	3722716	3682038	31738	15184	15187	15222
Yale-RSV-0131-1	RSVB	1	4080940	385241	381896	3017	11962	12353	15222
Yale-RSV-0132-1	RSVB	1	3459379	575005	571780	4559	10370	10934	15222
Yale-RSV-0133-1	RSVB	1	6046850	3176553	3133198	23766	13384	13798	15222
Yale-RSV-0134-1	RSVB	1	4960212	2368595	2350708	19539	9300	9682	15222
Yale-RSV-0135-1	RSVB	1	4786231	2496030	2483508	20962	11485	11734	15222
Yale-RSV-0136-1	RSVB	1	5728956	2623248	2586802	19471	13517	13678	15222
Yale-RSV-0137-1	RSVB	1	5273996	4221551	4186198	35572	14400	14431	15222
Yale-RSV-0138-1	RSVB	1	5465902	5298164	5219406	45596	15179	15205	15222
Yale-RSV-0139-1	RSVB	1	5941756	4930594	4879180	42187	15179	15205	15222
Yale-RSV-0141-1	RSVB	1	5420525	5338007	5289978	45488	15104	15186	15222
Yale-RSV-0142-1	RSVB	1	5523107	2566210	2513448	18664	10869	12034	15222
Yale-RSV-0143-1	RSVB	1	4226599	154824	154030	1208	3277	4007	15222
Yale-RSV-0144-1	RSVB	1	2359385	962179	958690	7913	6912	7592	15222
Yale-RSV-0145-1	RSVB	1	3817502	1752349	1739428	14659	14236	14343	15222
Yale-RSV-0146-1	RSVB	1	7513302	7346993	7280754	62543	15086	15180	15222
Yale-RSV-0147-1	RSVB	1	3739964	1699942	1661538	12407	12790	13152	15222
Yale-RSV-0148-1	RSVB	1	4121178	746189	740702	5941	13747	14970	15222
Yale-RSV-0149-1	RSVB	1	6725230	5918751	5862048	49627	14205	14562	15222
Yale-RSV-0150-1	RSVB	1	6785760	5675142	5644098	48316	14870	15088	15222
Yale-RSV-0151-1	RSVB	1	3688115	2599236	2591460	21206	8048	8544	15222
Yale-RSV-0152-1	RSVB	1	4830822	4757979	4714072	40446	15068	15178	15222
Yale-RSV-0153-1	RSVB	1	7154322	6946486	6902358	59146	15179	15180	15222
Yale-RSV-0154-1	RSVB	1	5868398	5405491	5360274	46108	15180	15191	15222
Yale-RSV-0155-1	RSVB	1	7994522	7956898	7894776	67679	15180	15191	15222
Yale-RSV-0156-1	RSVB	1	6673337	6541503	6480216	55904	15179	15188	15222
Yale-RSV-0157-1	RSVB	1	4938513	4788376	4748288	40615	15083	15184	15222
Yale-RSV-0158-1	RSVB	1	3630288	1776304	1768328	14468	9072	9409	15222
Yale-RSV-0159-1	RSVB	1	3219884	566190	562300	4598	13428	13795	15222
Yale-RSV-0162-1	RSVB	1	4569497	2341954	2334526	19802	11791	11942	15222
Yale-RSV-0163-1	RSVB	1	3736297	1423064	1419610	11637	6913	7372	15222
Yale-RSV-0164-1	RSVB	1	2923756	2905981	2876096	24565	15178	15191	15222
Yale-RSV-0165-1	RSVB	1	1910019	698372	696596	5647	2113	7466	15222
Yale-RSV-0166-1	RSVB	1	4677262	1919379	1907396	16193	14724	14880	15222
Yale-RSV-0167-1	RSVB	1	6267365	5833839	5776596	49776	15184	15200	15222
Yale-RSV-0168-1	RSVB	1	3098623	2713681	2698646	22072	7934	8717	15222
Yale-RSV-0169-1	RSVB	1	6966989	6927183	6881698	59111	15178	15182	15222
Yale-RSV-0170-1	RSVB	1	6539248	5634557	5591784	48152	15169	15192	15222
Yale-RSV-0171-1	RSVB	1	4682730	3742979	3719132	31839	15079	15096	15222
Yale-RSV-0172-1	RSVB	1	3209968	730571	726572	6036	12793	13118	15222
Yale-RSV-0173-1	RSVB	1	5496083	5411961	5347852	46025	15180	15192	15222
Yale-RSV-0174-1	RSVB	1	4671077	3475634	3464554	27934	7320	8087	15222
Yale-RSV-0175-1	RSVB	1	6918055	6834074	6747892	58391	15180	15205	15222
Yale-RSV-0176-1	RSVB	1	6485027	6362793	6298906	54163	15097	15184	15222
Yale-RSV-0177-1	RSVB	1	4059956	3896412	3863426	33300	15104	15185	15222
Yale-RSV-0178-1	RSVB	1	2382167	2307685	2292076	19577	15178	15181	15222
Yale-RSV-0180-1	RSVB	1	5477480	5362608	5307356	45593	15199	15209	15222
Yale-RSV-0181-1	RSVB	1	7650015	7568185	7508244	64562	15178	15184	15222
Yale-RSV-0182-1	RSVB	1	5487682	3973927	3933600	32290	12414	12551	15222
Yale-RSV-0183-1	RSVB	1	5851845	5578925	5521752	47448	15180	15192	15222
Yale-RSV-0184-1	RSVB	1	2938811	1428009	1403270	10020	11677	12466	15222
Yale-RSV-0185-1	RSVB	1	6389121	3068310	3040682	25608	14511	14563	15222
Yale-RSV-0186-1	RSVB	1	7245616	6310481	6266910	53680	15095	15187	15222
Yale-RSV-0188-1	RSVB	1	1792340	1666867	1650614	14041	14990	15085	15222
Yale-RSV-0189-1	RSVB	1	5432551	2504266	2471994	18594	13185	13714	15222
Yale-RSV-0193-1	RSVB	1	2770738	2364009	2330306	20187	15185	15186	15222
Yale-RSV-0194-1	RSVB	1	3530967	2443183	2416014	20699	15092	15187	15222
Yale-RSV-0195-1	RSVB	1	3615319	3509101	3436468	29931	15179	15197	15222
Yale-RSV-0196-1	RSVB	1	3930256	2221815	2205752	18613	14817	14825	15222
Yale-RSV-0197-1	RSVB	1	3575931	654946	648362	5353	14387	14938	15222
Yale-RSV-0198-1	RSVB	1	5240472	2182422	2160852	18262	14949	15103	15222
Yale-RSV-0199-1	RSVB	1	3754823	3588161	3535180	30623	15180	15192	15222
Yale-RSV-0200-1	RSVB	1	5304063	5243462	5171114	44689	15181	15192	15222
Yale-RSV-0201-1	RSVB	1	3747473	1781364	1759604	14953	15094	15187	15222
Yale-RSV-0202-1	RSVB	1	3153408	3091677	3079064	25811	12093	12570	15222
Yale-RSV-0203-1	RSVB	1	6050651	2776804	2742998	23025	14653	14666	15222
Yale-RSV-0204-1	RSVB	1	6970961	6871327	6766942	58402	15200	15205	15222
Yale-RSV-0205-1	RSVB	1	5369555	5289176	5215446	44816	15200	15205	15222
Yale-RSV-0206-1	RSVB	1	4986942	2275380	2252052	19144	14758	15096	15222
Yale-RSV-0207-1	RSVB	1	2729942	2621654	2566910	22337	15183	15200	15222
Yale-RSV-0209-1	RSVB	1	5192187	4910323	4851616	41783	15186	15194	15222
Yale-RSV-0210-1	RSVB	1	4748214	4124048	4072670	34910	15206	15208	15222
Yale-RSV-0211-1	RSVB	1	3392171	3088522	3043544	26239	15091	15187	15222
Yale-RSV-0212-1	RSVB	1	8697983	8290840	8172212	70501	15180	15205	15222
Yale-RSV-0213-1	RSVB	1	3703515	2451093	2437378	20731	14423	14638	15222
Yale-RSV-0215-1	RSVB	1	3640354	3495422	3437630	29674	15179	15205	15222
Yale-RSV-0216-1	RSVB	1	3621464	1645159	1622892	12463	14232	14698	15222
Yale-RSV-0217-1	RSVB	1	3669415	3356242	3313008	28307	15143	15187	15222
Yale-RSV-0218-1	RSVB	1	3304403	2260665	2226088	19126	15179	15192	15222
Yale-RSV-0219-1	RSVB	1	4364240	2960755	2924208	25003	15183	15187	15222
Yale-RSV-0220-1	RSVB	1	6818003	6764418	6686506	57546	15199	15205	15222
Yale-RSV-0223-1	RSVB	1	3318690	1829865	1809668	15335	15092	15097	15222
Yale-RSV-0224-1	RSVB	1	6210701	1081531	1074504	8897	12943	13683	15222
Yale-RSV-0225-1	RSVB	1	3743947	2036403	2013264	17118	15094	15103	15222
Yale-RSV-0226-1	RSVB	1	4344640	3815557	3779030	32505	15185	15186	15222
Yale-RSV-0227-1	RSVB	1	6167205	3992856	3965172	33552	14520	14560	15222
Yale-RSV-0229-1	RSVB	1	3554001	3219285	3172142	27121	15178	15190	15222
Yale-RSV-0230-1	RSVB	1	4739185	4475715	4412720	38163	15179	15183	15222
Yale-RSV-0232-1	RSVB	1	4980788	999021	991288	8167	11354	11553	15222
Yale-RSV-0233-1	RSVB	1	4630911	4384138	4321774	37071	15182	15192	15222
Yale-RSV-0234-1	RSVB	1	2347383	1809529	1801036	14952	12514	12815	15222
Yale-RSV-0236-1	RSVB	1	3622760	3471188	3431954	29102	15182	15187	15222
Yale-RSV-0238-1	RSVB	1	5866008	5628899	5547952	47825	15199	15206	15222
Yale-RSV-0239-1	RSVB	1	7831137	7442522	7370076	63044	15089	15192	15222
Yale-RSV-0240-1	RSVB	1	5041764	318825	316698	2525	9200	10276	15222
Yale-RSV-0241-1	RSVB	1	4435058	4089910	4025970	34442	15184	15185	15222
Yale-RSV-0242-1	RSVB	1	3013921	1306584	1300066	10933	14192	14654	15222
Yale-RSV-0243-1	RSVB	1	2723939	1592938	1573854	13427	14813	14991	15222
Yale-RSV-0244-1	RSVB	1	4623481	1932112	1917708	15599	14719	14804	15222
Yale-RSV-0245-1	RSVB	1	4615757	3304106	3289746	26995	7798	8329	15222
Yale-RSV-0246-1	RSVB	1	2748748	2508916	2485622	21249	15147	15186	15222
Yale-RSV-0247-1	RSVB	1	7916765	583997	580112	4675	9580	10251	15222
Yale-RSV-0248-1	RSVB	1	3814224	3688797	3659784	31227	14630	14969	15222
Yale-RSV-0249-1	RSVB	1	3378041	2421839	2391902	20449	15182	15193	15222
Yale-RSV-0250-1	RSVB	1	1141778	202058	200408	1660	13423	14364	15222
Yale-RSV-0253-1	RSVB	1	4958071	4924767	4873442	41876	15178	15187	15222
Yale-RSV-0254-1	RSVB	1	3769670	1678868	1657022	12338	11449	12298	15222
Yale-RSV-0255-1	RSVB	1	7104572	6631959	6581154	56499	15185	15185	15222
Yale-RSV-0256-1	RSVB	1	6552902	1982380	1973178	16427	13363	13554	15222
Yale-RSV-0257-1	RSVB	1	4474267	4329432	4285338	36791	15183	15186	15222
Yale-RSV-0258-1	RSVB	1	3768755	3440582	3398978	29312	15111	15186	15222
Yale-RSV-0260-1	RSVB	1	6313077	719839	714154	4007	3142	3753	15222
Yale-RSV-0261-1	RSVB	1	1838835	1671257	1657712	14080	15077	15187	15222
Yale-RSV-0263-1	RSVB	1	6857790	4526477	4481016	38164	15126	15187	15222
Yale-RSV-0264-1	RSVB	1	4225943	4147353	4103336	35040	15178	15185	15222
Yale-RSV-0265-1	RSVB	1	3270973	2347649	2324072	19809	15057	15098	15222
Yale-RSV-0266-1	RSVB	1	5854195	80459	78696	422	3240	4286	15222
Yale-RSV-0267-1	RSVB	1	2500490	1957268	1943608	16453	15173	15186	15222
Yale-RSV-0268-1	RSVB	1	6102850	5005774	4959506	42450	15185	15189	15222
Yale-RSV-0269-1	RSVB	1	5837436	592165	585600	4491	11509	12124	15222
Yale-RSV-0270-1	RSVB	1	4546128	3995634	3936472	33684	15181	15206	15222
Yale-RSV-0271-1	RSVB	1	4107283	1737794	1714672	13548	3891	4891	15222
Yale-RSV-0272-1	RSVB	1	2210566	28010	27948	143	3582	11423	15222
Yale-RSV-0273-1	RSVB	1	4994266	4909899	4852536	41609	15181	15187	15222
Yale-RSV-0274-1	RSVB	1	6192565	2166625	2154338	18033	14872	14902	15222
Yale-RSV-0275-1	RSVB	1	6712751	5064525	5025378	42837	15185	15187	15222
Yale-RSV-0276-1	RSVB	1	5206184	4953128	4904008	42025	15179	15187	15222
Yale-RSV-0278-1	RSVB	1	4199283	4128180	4083888	35107	15179	15188	15222
Yale-RSV-0279-1	RSVB	1	2655937	796935	794670	6534	5724	6690	15222
Yale-RSV-0280-1	RSVB	1	4867654	4641891	4599612	39073	14979	14991	15222
Yale-RSV-0281-1	RSVB	1	4182583	2553297	2540594	20823	10633	11322	15222
Yale-RSV-0282-1	RSVB	1	4487133	4371918	4313166	37044	15186	15205	15222
Yale-RSV-0283-1	RSVB	1	5998083	5765516	5707390	48614	15179	15184	15222
Yale-RSV-0284-1	RSVB	1	4487653	1325735	1317572	10946	14009	14245	15222
Yale-RSV-0285-1	RSVB	1	3553749	126639	124910	1053	9311	11290	15222
Yale-RSV-0289-1	RSVB	1	758659	661928	658462	5284	12924	13597	15222
Yale-RSV-0290-1	RSVB	1	262458	106250	106022	809	3247	3696	15222
Yale-RSV-0291-1	RSVB	1	1092961	1036572	1028110	8573	15073	15087	15222
Yale-RSV-0293-1	RSVB	1	911763	898979	892580	7453	15074	15088	15222
Yale-RSV-0294-1	RSVB	1	1779812	853354	836036	5935	11059	11942	15222
Yale-RSV-0295-1	RSVB	1	596139	585827	577270	4773	15178	15180	15222
Yale-RSV-0296-1	RSVB	1	677586	638995	633022	5240	14395	14488	15222
Yale-RSV-0297-1	RSVB	1	763657	392414	386866	2725	10013	11023	15222
Yale-RSV-0298-1	RSVB	1	891163	835830	825822	6909	15084	15180	15222
Yale-RSV-0299-1	RSVB	1	882487	864085	854550	7114	15081	15180	15222
Yale-RSV-0300-1	RSVB	1	1276977	1137469	1131862	9284	13930	14070	15222
Yale-RSV-0301-1	RSVB	1	1188651	756583	754356	6077	7340	7736	15222
Yale-RSV-0302-1	RSVB	1	1268307	1140240	1128980	9388	14995	15185	15222
Yale-RSV-0303-1	RSVB	1	955838	931264	918758	7680	15178	15180	15222
Yale-RSV-0304-1	RSVB	1	588945	285512	283694	2343	13430	13872	15222
Yale-RSV-0305-1	RSVB	1	1042009	1016842	1004588	8340	14942	15114	15222
Yale-RSV-0306-1	RSVB	1	1020552	994517	983186	8259	15116	15205	15222
Yale-RSV-0308-1	RSVB	1	1724772	1711575	1687716	14135	15177	15186	15222
Yale-RSV-0309-1	RSVB	1	1136935	98177	97826	760	5417	7440	15222
Yale-RSV-0310-1	RSVB	1	1791913	1712025	1687946	14067	15095	15181	15222
Yale-RSV-0312-1	RSVB	1	779511	759773	748152	6242	15099	15200	15222
Yale-RSV-0313-1	RSVB	1	1544186	1528279	1509906	12619	15082	15189	15222
Yale-RSV-0315-1	RSVB	1	1787902	1739538	1721576	14291	15080	15114	15222
Yale-RSV-0316-1	RSVB	1	923059	39961	39844	259	2308	2823	15222
Yale-RSV-0317-1	RSVB	1	1004630	974729	962334	8017	15096	15200	15222
Yale-RSV-0318-1	RSVB	1	753014	737356	728138	6031	14048	14944	15222
Yale-RSV-0320-1	RSVB	1	402225	371114	365820	3023	15123	15179	15222
Yale-RSV-0321-1	RSVB	1	913385	866813	855430	7190	15077	15119	15222
Yale-RSV-0322-1	RSVB	1	551876	533500	528854	4409	14827	15069	15222
Yale-RSV-0323-1	RSVB	1	1372797	1166344	1155438	9599	15078	15146	15222
Yale-RSV-0324-1	RSVB	1	1178519	940900	932964	7773	14856	15185	15222
Yale-RSV-0325-1	RSVB	1	1243072	1213887	1200590	10009	15178	15181	15222
Yale-RSV-0326-1	RSVB	1	966572	778908	774576	6368	14644	14657	15222
Yale-RSV-0327-1	RSVB	1	998813	959819	945904	7892	15108	15178	15222
Yale-RSV-0328-1	RSVB	1	567568	531016	529896	4244	6513	7395	15222
Yale-RSV-0329-1	RSVB	1	770931	758565	746660	6259	15081	15181	15222
Yale-RSV-0330-1	RSVB	1	1111819	502973	493116	3241	11029	12094	15222
Yale-RSV-0331-1	RSVB	1	1855112	1777269	1758762	14657	15086	15180	15222
Yale-RSV-0333-1	RSVB	1	1495376	865016	858058	7092	13755	14725	15222
Yale-RSV-0334-1	RSVB	1	763310	16715	16614	81	7056	9518	15222
Yale-RSV-0335-1	RSVB	1	824536	817999	813390	6736	14149	14188	15222
Yale-RSV-0336-1	RSVB	1	1108447	667989	661034	5449	14677	14728	15222
Yale-RSV-0338-1	RSVB	1	1070013	880572	870444	7282	15184	15187	15222
Yale-RSV-0339-1	RSVB	1	967649	925180	914406	7654	15079	15180	15222
Yale-RSV-0340-1	RSVB	1	1452189	1411723	1391718	11715	15179	15200	15222
Yale-RSV-0341-1	RSVB	1	1113727	1003143	993544	8275	14855	15078	15222
Yale-RSV-0342-1	RSVB	1	1524186	1453363	1438810	11955	15179	15186	15222
Yale-RSV-0343-1	RSVB	1	1039416	1022438	1010422	8429	15096	15186	15222
Yale-RSV-0344-1	RSVB	1	817448	91446	91024	706	9045	10437	15222
Yale-RSV-0345-1	RSVB	1	1520689	1417822	1400860	11663	15178	15185	15222
Yale-RSV-0347-1	RSVB	1	1744705	1594287	1576706	13120	15092	15206	15222
Yale-RSV-0349-1	RSVB	1	617658	26068	25654	176	7981	9216	15222
Yale-RSV-0350-1	RSVB	1	646575	613618	605022	5027	15074	15179	15222
Yale-RSV-0351-1	RSVB	1	460743	381581	377738	3097	14858	15178	15222
Yale-RSV-0352-1	RSVB	1	1396481	1376991	1357438	11319	15178	15197	15222
Yale-RSV-0353-1	RSVB	1	1673651	1504829	1492586	12413	15026	15180	15222
Yale-RSV-0354-1	RSVB	1	889372	286722	283468	2265	15180	15184	15222
Yale-RSV-0355-1	RSVB	1	1731832	1720206	1699656	14051	15178	15180	15222
Yale-RSV-0356-1	RSVB	1	1595889	1579741	1562294	12967	15154	15200	15222
Yale-RSV-0357-1	RSVB	1	1206296	1026034	1022274	8376	13231	13585	15222
Yale-RSV-0358-1	RSVB	1	1747437	1692287	1677300	13903	15178	15186	15222
Yale-RSV-0359-1	RSVB	1	1231096	1033185	1023930	8529	15078	15109	15222
Yale-RSV-0360-1	RSVB	1	966985	946246	940292	7762	14344	14582	15222
Yale-RSV-0362-1	RSVB	1	1144406	1055803	1044152	8719	15064	15186	15222
Yale-RSV-0363-1	RSVB	1	1711855	1670630	1654300	13737	15178	15185	15222
Yale-RSV-0364-1	RSVB	1	1472029	1424180	1409380	11706	15081	15186	15222
Yale-RSV-0365-1	RSVB	1	1307878	191568	189592	1343	6416	7461	15222
Yale-RSV-0366-1	RSVB	1	1065105	890427	881154	7389	14944	15184	15222
Yale-RSV-0368-1	RSVB	1	1660901	1643065	1623360	13520	15082	15155	15222
Yale-RSV-0369-1	RSVB	1	845937	825476	817668	6870	15178	15188	15222
Yale-RSV-0370-1	RSVB	1	1396907	691296	687350	5659	14405	14567	15222
Yale-RSV-0371-1	RSVB	1	1468827	1228828	1219448	10078	14957	15093	15222
Yale-RSV-0372-1	RSVB	1	1388056	1369228	1357118	11292	14858	15092	15222
Yale-RSV-0374-1	RSVB	1	1906795	1730100	1712032	14253	15080	15095	15222
Yale-RSV-0375-1	RSVB	1	1086737	983452	974892	8109	14412	14596	15222
Yale-RSV-0376-1	RSVB	1	386716	31042	30634	153	2568	3323	15222
Yale-RSV-0377-1	RSVB	1	1205956	1180055	1164112	9779	15080	15180	15222
Yale-RSV-0378-1	RSVB	1	1004230	259975	258062	2086	14476	14737	15222
Yale-RSV-0379-1	RSVB	1	1873007	1853313	1832556	15312	15082	15183	15222
Yale-RSV-0380-1	RSVB	1	1412178	50840	50304	316	11825	13612	15222
Yale-RSV-0381-1	RSVB	1	1271435	1251491	1242324	10327	15086	15184	15222
Yale-RSV-0385-1	RSVB	1	2376351	1413920	1385822	10945	10895	11496	15222
Yale-RSV-0386-1	RSVB	1	5589799	5476763	5405124	46700	15180	15186	15222
Yale-RSV-0387-1	RSVB	1	5180194	3029449	3015454	25155	12380	12485	15222
Yale-RSV-0388-1	RSVB	1	7702584	3330231	3263522	24255	12700	13047	15222
Yale-RSV-0389-1	RSVB	1	7176053	6651840	6561696	56458	15184	15193	15222
Yale-RSV-0390-1	RSVB	1	5294664	4341979	4302080	36501	15048	15104	15222
Yale-RSV-0391-1	RSVB	1	5242051	4019081	3980532	33066	14183	14350	15222
Yale-RSV-0392-1	RSVB	1	5336306	5258147	5173102	44804	15179	15205	15222
Yale-RSV-0393-1	RSVB	1	3641371	1914787	1893220	16100	14446	14669	15222
Yale-RSV-0394-1	RSVB	1	3361263	2555153	2525380	21585	14912	14942	15222
Yale-RSV-0395-1	RSVB	1	5433452	3085380	3053458	23917	12489	12802	15222
Yale-RSV-0396-1	RSVB	1	5714018	2823670	2780338	22382	10236	10494	15222
Yale-RSV-0397-1	RSVB	1	7571275	3911057	3870738	30073	12248	12610	15222
Yale-RSV-0398-1	RSVB	1	8180455	7970049	7847574	68078	15180	15206	15222
Yale-RSV-0399-1	RSVB	1	1217725	506314	502802	4140	12820	13198	15222
Yale-RSV-0400-1	RSVB	1	5718638	4545717	4496838	38452	15134	15138	15222
Yale-RSV-0401-1	RSVB	1	3373285	2367479	2332948	19186	11199	11539	15222
Yale-RSV-0402-1	RSVB	1	6218257	6095746	6009064	51936	15181	15205	15222
Yale-RSV-0403-1	RSVB	1	7647545	7333318	7254624	62111	15193	15195	15222
Yale-RSV-0404-1	RSVB	1	4716825	3647077	3612256	29997	14897	14914	15222
Yale-RSV-0405-1	RSVB	1	5002462	4814944	4761354	40549	15185	15187	15222
Yale-RSV-0406-1	RSVB	1	5525523	4535903	4479658	37500	14741	14949	15222
Yale-RSV-0407-1	RSVB	1	2039834	2020453	1995950	17013	15178	15185	15222
Yale-RSV-0408-1	RSVB	1	3333315	2817317	2796170	23020	14426	14603	15222
Yale-RSV-0409-1	RSVB	1	6953150	6842597	6747758	58210	15180	15208	15222
Yale-RSV-0410-1	RSVB	1	4139031	4011470	3950576	34200	14954	15186	15222
Yale-RSV-0411-1	RSVB	1	4130878	3698319	3658272	31577	14867	15124	15222
Yale-RSV-0412-1	RSVB	1	1862933	167628	166846	1336	4746	5523	15222
Yale-RSV-0413-1	RSVB	1	4851903	4193827	4168056	34911	14439	14473	15222
Yale-RSV-0414-1	RSVB	1	3203219	2096603	2079422	17801	14990	15103	15222
Yale-RSV-0415-1	RSVB	1	4714867	508713	505468	4000	10442	11107	15222
Yale-RSV-0416-1	RSVB	1	1755737	967198	960138	7597	4885	5435	15222
Yale-RSV-0417-1	RSVB	1	4163822	603090	598886	4903	11337	11950	15222
Yale-RSV-0418-1	RSVB	1	1665482	89172	88336	647	11253	12647	15222
Yale-RSV-0419-1	RSVB	1	2485374	345408	342866	2591	7729	8736	15222
Yale-RSV-0420-1	RSVB	1	811850	32877	32466	229	10529	11932	15222
Yale-RSV-0424-1	RSVB	1	5458622	616073	609460	4901	13651	14046	15222
Yale-RSV-0425-1	RSVB	1	2823581	2370354	2337074	19826	14984	15094	15222
Yale-RSV-0426-1	RSVB	1	4340147	4323762	4274590	36660	15179	15186	15222
Yale-RSV-0427-1	RSVB	1	3765548	3702009	3648530	31316	15179	15200	15222
Yale-RSV-0428-1	RSVB	1	4577920	2150151	2107874	15641	12147	12988	15222
Yale-RSV-0429-1	RSVB	1	1767727	1685662	1667420	14390	15012	15180	15222
Yale-RSV-0430-1	RSVB	1	7803200	7663918	7569904	65254	15181	15205	15222
Yale-RSV-0431-1	RSVB	1	3947488	3490547	3457450	29855	15179	15207	15222
Yale-RSV-0432-1	RSVB	1	2975867	2660942	2623710	22308	15185	15186	15222
Yale-RSV-0433-1	RSVB	1	4660626	4503771	4439458	38314	15166	15186	15222
Yale-RSV-0434-1	RSVB	1	5010334	2153202	2142088	17757	14429	14656	15222
Yale-RSV-0435-1	RSVB	1	3311102	987108	984538	8085	6832	7226	15222
Yale-RSV-0436-1	RSVB	1	1432822	713173	707544	5927	14664	15097	15222
Yale-RSV-0437-1	RSVB	1	4025090	1703942	1694316	13849	8042	8504	15222
Yale-RSV-0438-1	RSVB	1	5952726	2649508	2617656	19637	11940	12302	15222
Yale-RSV-0439-1	RSVB	1	2702970	2461276	2433830	20971	15085	15194	15222
Yale-RSV-0440-1	RSVB	1	4757938	4704197	4623636	40285	15187	15199	15222
Yale-RSV-0441-1	RSVB	1	3342940	1648150	1607700	12765	11229	12024	15222
Yale-RSV-0442-1	RSVB	1	2154923	1008999	999394	7683	11922	12444	15222
Yale-RSV-0443-1	RSVB	1	1837745	1799030	1769244	15290	15178	15192	15222
Yale-RSV-0444-1	RSVB	1	4732790	2868065	2850398	23223	8405	9269	15222
Yale-RSV-0445-1	RSVB	1	4909554	1477238	1469310	12024	8454	8895	15222
Yale-RSV-0446-1	RSVB	1	2821673	2087288	2065842	17509	15184	15187	15222
Yale-RSV-0447-1	RSVB	1	4302922	4071047	4023654	34459	15088	15185	15222
Yale-RSV-0448-1	RSVB	1	1830295	1717202	1706192	14382	14486	14547	15222
Yale-RSV-0449-1	RSVB	1	3464372	1985005	1968082	15944	10747	11290	15222
Yale-RSV-0450-1	RSVB	1	4274522	4071072	4016236	34745	15205	15206	15222
Yale-RSV-0451-1	RSVB	1	7141865	3401540	3365070	25178	11637	12229	15222
Yale-RSV-0452-1	RSVB	1	8285304	8221130	8126388	69751	15179	15189	15222
Yale-RSV-0453-1	RSVB	1	6523023	6413715	6328010	54739	15180	15196	15222
Yale-RSV-0454-1	RSVB	1	10713306	10588231	10451522	90045	15184	15205	15222
Yale-RSV-0455-1	RSVB	1	5382240	3391904	3364524	28701	15062	15117	15222
Yale-RSV-0456-1	RSVB	1	7263006	7131389	7068504	59531	14642	14658	15222
Yale-RSV-0457-1	RSVB	1	3556040	2050420	2026530	17318	14551	14966	15222
Yale-RSV-0458-1	RSVB	1	6874827	6787264	6708162	57847	15181	15186	15222
Yale-RSV-0459-1	RSVB	1	2663335	503739	499768	4181	13712	14306	15222
Yale-RSV-0460-1	RSVB	1	1218573	1122634	1111202	9627	14977	15098	15222
Yale-RSV-0462-1	RSVB	1	4948853	2541290	2511362	19218	14828	14900	15222
Yale-RSV-0463-1	RSVB	1	2910719	699190	689652	5755	14178	14319	15222
Yale-RSV-0464-1	RSVB	1	6586659	2626607	2574880	19378	11529	12443	15222
Yale-RSV-0465-1	RSVB	1	3389521	1411635	1400886	11943	14286	14783	15222
Yale-RSV-0466-1	RSVB	1	6286305	4133304	4097270	34891	15094	15104	15222
Yale-RSV-0467-1	RSVB	1	989423	296219	294224	2366	6313	7129	15222
Yale-RSV-0468-1	RSVB	1	4793206	2328117	2279318	16920	12231	12870	15222
Yale-RSV-0470-1	RSVB	1	4351469	3676578	3638652	31104	15038	15099	15222
Yale-RSV-0471-1	RSVB	1	3775119	2713242	2686980	22489	13511	13837	15222
Yale-RSV-0472-1	RSVB	1	3955955	3145471	3111112	26725	15091	15097	15222
Yale-RSV-0473-1	RSVB	1	7549967	7514292	7413314	63463	15180	15191	15222
Yale-RSV-0474-1	RSVB	1	6219859	6142944	6077464	52277	15180	15189	15222
Yale-RSV-0475-1	RSVB	1	6856160	3462636	3395652	24420	12266	12619	15222
Yale-RSV-0476-1	RSVB	1	6065151	5899998	5866640	49687	14641	14657	15222
Yale-RSV-0477-1	RSVB	1	6322579	6245365	6178818	53353	15180	15207	15222
Yale-RSV-0481-1	RSVB	1	4017743	3973688	3920302	34074	15105	15207	15222
Yale-RSV-0482-1	RSVB	1	7817189	3678295	3618630	26760	11690	12519	15222
Yale-RSV-0485-1	RSVB	1	2181312	1777399	1755746	14887	14295	14619	15222
Yale-RSV-0487-1	RSVB	1	2776877	2463015	2448536	20502	14711	14815	15222
Yale-RSV-0488-1	RSVB	1	1702849	1657755	1649880	13793	14137	14554	15222
Yale-RSV-0489-1	RSVB	1	3718878	3386617	3347656	28818	15091	15186	15222
Yale-RSV-0490-1	RSVB	1	8010313	7859217	7754762	67775	15180	15212	15222
Yale-RSV-0493-1	RSVB	1	3864784	3089246	3071430	25481	14126	14151	15222
Yale-RSV-0495-1	RSVB	1	1138822	558490	554462	4220	11182	11573	15222
Yale-RSV-0496-1	RSVB	1	3669182	3636189	3595086	31221	15183	15185	15222
Yale-RSV-0497-1	RSVB	1	5521120	5422720	5346656	46415	15185	15186	15222
Yale-RSV-0499-1	RSVB	1	180955	122862	122670	684	2940	3530	15222
Yale-RSV-0500-1	RSVB	1	8977235	4762979	4693500	34926	11760	12782	15222
Yale-RSV-0501-1	RSVB	1	4366845	305643	303808	2225	10430	11730	15222
Yale-RSV-0503-1	RSVB	1	5808161	5552101	5513554	47064	15179	15185	15222
Yale-RSV-0504-1	RSVB	1	3561328	1818065	1801786	13555	12274	12912	15222
Yale-RSV-0505-1	RSVB	1	9195339	9146517	9049992	78202	15185	15205	15222
Yale-RSV-0506-1	RSVB	1	2281103	460997	457546	3748	13688	14532	15222
Yale-RSV-0507-1	RSVB	1	4434532	3410682	3385782	28662	14552	14756	15222
Yale-RSV-0508-1	RSVB	1	1352474	921112	913118	6695	15023	15103	15222
Yale-RSV-0509-1	RSVB	1	2851727	2836243	2810352	24174	15081	15168	15222
Yale-RSV-0510-1	RSVB	1	5433348	5335910	5283274	45790	15150	15184	15222
Yale-RSV-0511-1	RSVB	1	6317379	6274651	6216706	53239	15093	15192	15222
Yale-RSV-0512-1	RSVB	1	1832391	1440291	1433302	11712	13491	13998	15222
Yale-RSV-0513-1	RSVB	1	4618520	4592606	4556654	39331	15090	15110	15222
Yale-RSV-0514-1	RSVB	1	2049575	289889	287856	2280	12039	13880	15222
Yale-RSV-0515-1	RSVB	1	5153071	5001502	4956214	42821	15119	15192	15222
Yale-RSV-0516-1	RSVB	1	2323583	103531	102652	537	5236	5721	15222
Yale-RSV-0518-1	RSVB	1	7052278	6976882	6895988	59515	15185	15206	15222
Yale-RSV-0519-1	RSVB	1	143361	91450	90984	311	4269	5030	15222
Yale-RSV-0521-1	RSVB	1	2482091	1498953	1487876	12751	14936	14948	15222
Yale-RSV-0522-1	RSVB	1	1699053	710162	682184	4930	4653	5081	15222
Yale-RSV-0523-1	RSVB	1	7648371	7572477	7497156	64714	15185	15186	15222
Yale-RSV-0524-1	RSVB	1	5100612	2506888	2476522	18622	11360	12273	15222
Yale-RSV-0525-1	RSVB	1	8468174	8435766	8356752	71931	15182	15209	15222
Yale-RSV-0526-1	RSVB	1	5438614	5166380	5126052	44043	15181	15193	15222
Yale-RSV-0528-1	RSVB	1	5202780	5147737	5103466	43993	15084	15191	15222
Yale-RSV-0529-1	RSVB	1	8382198	8342942	8253046	70966	15181	15193	15222
Yale-RSV-0530-1	RSVB	1	6959088	6492563	6397472	55118	15186	15205	15222
Yale-RSV-0532-1	RSVB	1	3903989	3609369	3585512	30623	14944	15150	15222
Yale-RSV-0533-1	RSVB	1	5006260	4281241	4263742	35695	14868	15100	15222
Yale-RSV-0534-1	RSVB	1	6359116	5842637	5803232	49262	14835	15088	15222
Yale-RSV-0535-1	RSVB	1	5344586	5199282	5166342	44083	15090	15122	15222
Yale-RSV-0536-1	RSVB	1	5157282	5063055	4998326	43170	15184	15205	15222
Yale-RSV-0537-1	RSVB	1	5888108	4902890	4857514	41792	15099	15194	15222
Yale-RSV-0538-1	RSVB	1	2939528	2822337	2809100	23360	15079	15098	15222
Yale-RSV-0539-1	RSVB	1	5891367	4597540	4565310	39076	15096	15111	15222
Yale-RSV-0540-1	RSVB	1	964580	740822	735302	6238	14728	14935	15222
Yale-RSV-0541-1	RSVB	1	5080779	2417195	2393452	17919	11682	12720	15222
Yale-RSV-0542-1	RSVB	1	3456858	1705931	1680244	12452	11540	12462	15222
Yale-RSV-0543-1	RSVB	1	4409136	3683301	3650858	30031	15181	15187	15222
Yale-RSV-0544-1	RSVB	1	3431152	492825	485932	3881	12043	12920	15222
Yale-RSV-0545-1	RSVB	1	4917285	1760657	1732768	12908	12124	12936	15222
Yale-RSV-0546-1	RSVB	1	8005252	7950122	7853246	67665	15180	15186	15222
Yale-RSV-0547-1	RSVB	1	4909384	4793691	4758690	40359	15087	15143	15222
Yale-RSV-0549-1	RSVB	1	7189275	7015926	6949844	59868	15183	15193	15222
Yale-RSV-0551-1	RSVB	1	8433137	7742284	7661476	66122	15185	15186	15222
Yale-RSV-0552-1	RSVB	1	2810374	360167	358472	2820	12064	12601	15222
Yale-RSV-0553-1	RSVB	1	9271084	9099950	9015308	77337	15185	15189	15222
Yale-RSV-0554-1	RSVB	1	2602365	850893	845344	6722	12365	13074	15222
Yale-RSV-0555-1	RSVB	1	6613532	6479741	6401224	54983	15176	15205	15222
Yale-RSV-0556-1	RSVB	1	6485071	6345230	6262228	54197	15184	15186	15222
Yale-RSV-0557-1	RSVB	1	4184014	3076385	3053134	26072	15094	15097	15222
Yale-RSV-0558-1	RSVB	1	5937461	5654078	5599340	48489	15185	15191	15222
Yale-RSV-0560-1	RSVB	1	9100161	8407344	8304138	71720	15185	15188	15222
Yale-RSV-0561-1	RSVB	1	3872484	3648713	3613164	31383	14902	15117	15222
Yale-RSV-0562-1	RSVB	1	5088586	2142222	2130250	18014	14665	14689	15222
Yale-RSV-0563-1	RSVB	1	6593141	6489092	6433724	54994	15108	15191	15222
Yale-RSV-0564-1	RSVB	1	475961	317643	316368	2150	5861	6397	15222
Yale-RSV-0565-1	RSVB	1	4435714	1606676	1596324	13472	14608	14790	15222
Yale-RSV-0566-1	RSVB	1	7747580	3048714	2963566	22186	12121	13225	15222
Yale-RSV-0567-1	RSVB	1	8390871	8323224	8223338	71573	15181	15189	15222
Yale-RSV-0568-1	RSVB	1	6904344	3437205	3395546	25396	12822	13765	15222
Yale-RSV-0569-1	RSVB	1	7275805	6985899	6902282	59932	15180	15209	15222
Yale-RSV-0570-1	RSVB	1	6433758	6226864	6188660	52753	14962	15101	15222
Yale-RSV-0571-1	RSVB	1	8990283	8701893	8637864	74199	15136	15187	15222
Yale-RSV-0572-1	RSVB	1	8340563	7694270	7613798	65314	15185	15192	15222
Yale-RSV-0573-1	RSVB	1	4048654	2272899	2251286	18282	11778	12432	15222
Yale-RSV-0574-1	RSVB	1	6408669	6196096	6150436	52810	15145	15191	15222
Yale-RSV-0577-1	RSVB	1	3567139	2321769	2301564	17513	15178	15179	15222
Yale-RSV-0579-1	RSVB	1	4395758	4366373	4340662	35062	15178	15189	15222
Yale-RSV-0580-1	RSVB	1	6385495	6297991	6264634	50367	15180	15191	15222
Yale-RSV-0582-1	RSVB	1	5431701	5350607	5317882	42964	15179	15193	15222
Yale-RSV-0583-1	RSVB	1	5035168	4871505	4848074	39037	15179	15186	15222
Yale-RSV-0584-1	RSVB	1	4700005	4150037	4131134	33311	15089	15187	15222
Yale-RSV-0585-1	RSVB	1	5540492	5023628	4998298	40201	15088	15186	15222
Yale-RSV-0586-1	RSVB	1	4558655	4374141	4354488	35097	15084	15096	15222
Yale-RSV-0587-1	RSVB	1	4638505	4429763	4408902	35665	15080	15185	15222
Yale-RSV-0588-1	RSVB	1	6027018	5951009	5920256	47416	15179	15187	15222
Yale-RSV-0589-1	RSVB	1	6524614	5819925	5800624	46381	15084	15186	15222
Yale-RSV-0590-1	RSVB	1	6868190	6712602	6673618	53633	15179	15205	15222
Yale-RSV-0591-1	RSVB	1	1331882	1157457	1152678	9230	15023	15105	15222
Yale-RSV-0592-1	RSVB	1	4736088	4560539	4527812	36504	15180	15194	15222
Yale-RSV-0593-1	RSVB	1	4994486	4680404	4658064	37649	15087	15183	15222
Yale-RSV-0594-1	RSVB	1	6228385	6125167	6088480	49158	15180	15205	15222
Yale-RSV-0595-1	RSVB	1	4684885	4273141	4252478	34260	15142	15186	15222
Yale-RSV-0596-1	RSVB	1	6119440	5767965	5729902	46226	15083	15185	15222
Yale-RSV-0597-1	RSVB	1	6211702	6153439	6129252	49040	15176	15186	15222
Yale-RSV-0598-1	RSVB	1	7344535	7282961	7243278	58284	15185	15205	15222
Yale-RSV-0599-1	RSVB	1	1529729	126551	126134	913	12635	14084	15222
Yale-RSV-0600-1	RSVB	1	4958712	4868469	4834096	38950	15180	15205	15222
Yale-RSV-0601-1	RSVB	1	6211464	6143263	6104738	49327	15180	15205	15222
Yale-RSV-0602-1	RSVB	1	3795032	124604	123588	752	5818	6218	15222
Yale-RSV-0603-1	RSVB	1	4287719	1868022	1863284	14773	14304	14458	15222
Yale-RSV-0604-1	RSVB	1	4649016	3944229	3929022	31571	14974	15185	15222
Yale-RSV-0605-1	RSVB	1	5859910	4274405	4264236	33845	14430	14539	15222
Yale-RSV-0606-1	RSVB	1	6156124	6070824	6050724	48310	14681	14922	15222
Yale-RSV-0607-1	RSVB	1	5730092	4626949	4610222	36774	15092	15187	15222
Yale-RSV-0608-1	RSVB	1	6143733	5914537	5885838	46864	15107	15184	15222
Yale-RSV-0609-1	RSVB	1	4952011	4381786	4354514	35277	15178	15186	15222
Yale-RSV-0610-1	RSVB	1	1359652	1347083	1341170	10714	15077	15182	15222
Yale-RSV-0611-1	RSVB	1	3882775	2972229	2960296	23852	15089	15095	15222
Yale-RSV-0612-1	RSVB	1	3736294	3696932	3676688	29330	15169	15191	15222
Yale-RSV-0613-1	RSVB	1	6107720	5823021	5795338	46722	15187	15195	15222
Yale-RSV-0614-1	RSVB	1	5471528	5174185	5144994	41581	15180	15200	15222
Yale-RSV-0615-1	RSVB	1	3004975	2110045	2103216	16611	14796	14822	15222
Yale-RSV-0616-1	RSVB	1	6067931	5726093	5697954	45618	15084	15186	15222
Yale-RSV-0617-1	RSVB	1	3895985	3838492	3812304	30834	15179	15187	15222
Yale-RSV-0618-1	RSVB	1	4338367	4224767	4200354	33701	15180	15189	15222
Yale-RSV-0619-1	RSVB	1	3210645	3118649	3104928	24774	15101	15191	15222
Yale-RSV-0620-1	RSVB	1	6124574	5718842	5693364	45709	15181	15185	15222
Yale-RSV-0624-1	RSVB	1	2878038	2850211	2833384	22585	15178	15188	15222
Yale-RSV-0625-1	RSVB	1	5173819	4993232	4960060	40028	15180	15207	15222
Yale-RSV-0626-1	RSVB	1	6341799	6078835	6060650	48068	14641	14768	15222
Yale-RSV-0627-1	RSVB	1	6055432	5883579	5849416	46959	15180	15206	15222
Yale-RSV-0628-1	RSVB	1	3825939	3745559	3731702	29715	15122	15186	15222
Yale-RSV-0629-1	RSVB	1	5333466	4774573	4754346	38264	15180	15186	15222
Yale-RSV-0630-1	RSVB	1	2693801	276661	276046	2090	11221	12105	15222
